FID,Join_Count,TARGET_FID,Id,Join_Cou_1,TARGET_F_1,Id_1,Field1,hour,freq,longitude,altitude,long,lat
0,13,0,0,1,0,0,252275,7,8160,121.349208000000000,31.132218999999999,121.353467714000000,31.134775178600002
1,23,1,0,1,1,0,252731,7,11575,121.358041000000000,31.137540999999999,121.364391143000010,31.134775178600002
2,26,2,0,1,2,0,253301,7,11945,121.368956999999990,31.134926000000000,121.375314571000000,31.134775178600002
3,27,3,0,1,3,0,253937,7,9329,121.379848000000000,31.139644000000001,121.386238000000010,31.134775178600002
4,38,4,0,1,4,0,254763,7,22807,121.391234000000000,31.135549999999999,121.397161428999990,31.134775178600002
5,41,5,0,1,5,0,255791,7,25759,121.402511000000000,31.138152000000002,121.408084857000010,31.134775178600002
6,41,6,0,1,6,0,256655,7,24043,121.412739000000000,31.136922999999999,121.419008285999990,31.134775178600002
7,36,7,0,1,7,0,257685,7,18114,121.423554000000000,31.134657000000001,121.429931714000010,31.134775178600002
8,24,8,0,1,8,0,258845,7,12573,121.434698000000000,31.136410000000001,121.440855142999990,31.134775178600002
9,25,9,0,1,9,0,259969,7,8327,121.445446000000000,31.139651000000001,121.451778571000010,31.134775178600002
10,4,10,0,1,10,0,261887,7,2782,121.465279000000000,31.134563000000000,121.462701999999990,31.134775178600002
11,21,11,0,1,11,0,262161,7,5590,121.468919000000000,31.138406000000000,121.473625428999990,31.134775178600002
12,21,12,0,1,12,0,263106,7,7360,121.479003000000010,31.132885000000002,121.484548856999990,31.134775178600002
13,18,13,0,1,13,0,264126,7,7640,121.489402000000000,31.133378000000000,121.495472285999990,31.134775178600002
14,12,14,0,1,14,0,265141,7,5999,121.502054000000000,31.136531000000002,121.506395714000010,31.134775178600002
15,18,15,0,1,15,0,265869,7,8705,121.512562000000000,31.137810999999999,121.517319142999990,31.134775178600002
16,10,16,0,1,16,0,266569,7,4697,121.522551000000010,31.133606000000000,121.528242571000010,31.134775178600002
17,11,17,0,1,17,0,267149,7,4801,121.533123000000000,31.132600000000000,121.539165999999990,31.134775178600002
18,11,18,0,1,18,0,267771,7,5829,121.548143999999990,31.130938000000000,121.550089429000000,31.134775178600002
19,14,19,0,1,19,0,268082,7,3315,121.557351000000000,31.137219999999999,121.561012856999990,31.134775178600002
20,20,20,0,1,20,0,268380,7,2612,121.566678000000000,31.138030000000001,121.571936286000000,31.134775178600002
21,10,21,0,1,21,0,268732,7,1979,121.577169000000000,31.131931999999999,121.582859713999990,31.134775178600002
22,8,22,0,1,22,0,269113,7,2561,121.589063000000000,31.130773999999999,121.593783143000000,31.134775178600002
23,14,23,0,1,23,0,269379,7,3090,121.600334000000000,31.138536999999999,121.604706570999990,31.134775178600002
24,34,24,0,1,24,0,269579,7,16614,121.609202000000000,31.140145000000000,121.615630000000000,31.134775178600002
25,6,25,0,1,25,0,269910,7,3878,121.623847000000000,31.133714000000001,121.626553429000000,31.134775178600002
26,1,26,0,1,26,0,270208,7,491,121.640602000000000,31.138006000000001,121.637476857000000,31.134775178600002
27,2,27,0,1,27,0,270341,7,2221,121.648467999999990,31.134027000000000,121.648400286000000,31.134775178600002
28,35,28,0,1,28,0,252245,7,18913,121.348715000000000,31.146977000000000,121.353467714000000,31.143771535700001
29,27,29,0,1,29,0,252730,7,8623,121.358027000000010,31.143583000000000,121.364391143000010,31.143771535700001
30,20,30,0,1,30,0,253342,7,10323,121.369676000000000,31.147634000000000,121.375314571000000,31.143771535700001
31,33,31,0,1,31,0,253937,7,12311,121.379848000000000,31.139644000000001,121.386238000000010,31.143771535700001
32,38,32,0,1,32,0,254746,7,17547,121.391045000000010,31.142271999999998,121.397161428999990,31.143771535700001
33,67,33,0,1,33,0,255729,7,39895,121.401782000000000,31.144473000000001,121.408084857000010,31.143771535700001
34,64,34,0,1,34,0,256649,7,19550,121.412696000000000,31.141735000000001,121.419008285999990,31.143771535700001
35,43,35,0,1,35,0,257680,7,20846,121.423514999999990,31.143833000000001,121.429931714000010,31.143771535700001
36,43,36,0,1,36,0,258833,7,15008,121.434617000000000,31.144217000000001,121.440855142999990,31.143771535700001
37,24,37,0,1,37,0,259959,7,12469,121.445363000000000,31.144055000000002,121.451778571000010,31.143771535700001
38,12,38,0,1,38,0,261174,7,3598,121.456509999999990,31.145731999999999,121.462701999999990,31.143771535700001
39,13,39,0,1,39,0,262066,7,4347,121.467555000000000,31.147251000000001,121.473625428999990,31.143771535700001
40,31,40,0,1,40,0,263017,7,10682,121.478190000000000,31.149249999999999,121.484548856999990,31.143771535700001
41,28,41,0,1,41,0,264102,7,13068,121.489081000000000,31.147058999999999,121.495472285999990,31.143771535700001
42,16,42,0,1,42,0,265100,7,12882,121.501557000000010,31.144050000000000,121.506395714000010,31.143771535700001
43,26,43,0,1,43,0,265760,7,12873,121.510943999999990,31.143612000000001,121.517319142999990,31.143771535700001
44,24,44,0,1,44,0,266529,7,6574,121.521984000000000,31.141300000000001,121.528242571000010,31.143771535700001
45,12,45,0,1,45,0,267183,7,3284,121.533648000000000,31.141047000000000,121.539165999999990,31.143771535700001
46,18,46,0,1,46,0,267603,7,3568,121.543696000000000,31.148285000000001,121.550089429000000,31.143771535700001
47,20,47,0,1,47,0,268014,7,2632,121.555259000000010,31.148157000000001,121.561012856999990,31.143771535700001
48,12,48,0,1,48,0,268357,7,2177,121.565979000000000,31.146111000000001,121.571936286000000,31.143771535700001
49,9,49,0,1,49,0,268738,7,1062,121.577336000000000,31.148315000000000,121.582859713999990,31.143771535700001
50,6,50,0,1,50,0,269100,7,1554,121.588530000000010,31.144810000000000,121.593783143000000,31.143771535700001
51,19,51,0,1,51,0,269375,7,6225,121.600235000000000,31.142835000000002,121.604706570999990,31.143771535700001
52,33,52,0,1,52,0,269579,7,9531,121.609202000000000,31.140145000000000,121.615630000000000,31.143771535700001
53,10,53,0,1,53,0,269866,7,3131,121.621200000000000,31.149145999999998,121.626553429000000,31.143771535700001
54,3,54,0,1,54,0,270052,7,1425,121.631825000000010,31.142721000000002,121.637476857000000,31.143771535700001
55,2,55,0,1,55,0,270297,7,1411,121.645218000000000,31.146868000000001,121.648400286000000,31.143771535700001
56,29,56,0,1,56,0,252231,7,18421,121.348273000000010,31.152069000000001,121.353467714000000,31.152767892899998
57,33,57,0,1,57,0,252765,7,14829,121.358694000000000,31.151637000000001,121.364391143000010,31.152767892899998
58,31,58,0,1,58,0,253324,7,12959,121.369387000000000,31.158086000000001,121.375314571000000,31.152767892899998
59,24,59,0,1,59,0,253947,7,14830,121.380056999999990,31.154333000000001,121.386238000000010,31.152767892899998
60,37,60,0,1,60,0,254761,7,13143,121.391187000000000,31.150359999999999,121.397161428999990,31.152767892899998
61,78,61,0,1,61,0,255753,7,14592,121.402103999999990,31.148309999999999,121.408084857000010,31.152767892899998
62,85,62,0,1,62,0,256650,7,19838,121.412701000000000,31.157708000000000,121.419008285999990,31.152767892899998
63,88,63,0,1,63,0,257686,7,18571,121.423556000000000,31.157465999999999,121.429931714000010,31.152767892899998
64,40,64,0,1,64,0,258938,7,8058,121.435561000000010,31.157201000000001,121.440855142999990,31.152767892899998
65,28,65,0,1,65,0,260008,7,7558,121.445778000000000,31.158035999999999,121.451778571000010,31.152767892899998
66,4,66,0,1,66,0,261474,7,803,121.459995000000010,31.152466000000000,121.462701999999990,31.152767892899998
67,9,67,0,1,67,0,262301,7,2460,121.470460000000000,31.148012000000001,121.473625428999990,31.152767892899998
68,34,68,0,1,68,0,263017,7,11132,121.478190000000000,31.149249999999999,121.484548856999990,31.152767892899998
69,51,69,0,1,69,0,264149,7,18955,121.489666000000000,31.150342999999999,121.495472285999990,31.152767892899998
70,39,70,0,1,70,0,265007,7,14952,121.500414000000010,31.155334000000000,121.506395714000010,31.152767892899998
71,33,71,0,1,71,0,265803,7,11968,121.511527000000000,31.151987999999999,121.517319142999990,31.152767892899998
72,22,72,0,1,72,0,266522,7,12987,121.521829999999990,31.150735000000001,121.528242571000010,31.152767892899998
73,15,73,0,1,73,0,267142,7,4075,121.532955000000000,31.152296000000000,121.539165999999990,31.152767892899998
74,14,74,0,1,74,0,267603,7,1649,121.543696000000000,31.148285000000001,121.550089429000000,31.152767892899998
75,23,75,0,1,75,0,268014,7,4256,121.555259000000010,31.148157000000001,121.561012856999990,31.152767892899998
76,22,76,0,1,76,0,268341,7,3420,121.565673000000000,31.152585999999999,121.571936286000000,31.152767892899998
77,25,77,0,1,77,0,268738,7,3494,121.577336000000000,31.148315000000000,121.582859713999990,31.152767892899998
78,8,78,0,1,78,0,269084,7,2193,121.587875000000000,31.156915000000001,121.593783143000000,31.152767892899998
79,9,79,0,1,79,0,269340,7,2487,121.598393000000000,31.151484000000000,121.604706570999990,31.152767892899998
80,14,80,0,1,80,0,269607,7,1380,121.610080000000000,31.154101000000001,121.615630000000000,31.152767892899998
81,10,81,0,1,81,0,269835,7,1166,121.620131000000000,31.152297999999998,121.626553429000000,31.152767892899998
82,5,82,0,1,82,0,270075,7,428,121.633036000000000,31.156611000000002,121.637476857000000,31.152767892899998
83,3,83,0,1,83,0,270281,7,262,121.643882000000000,31.152282000000000,121.648400286000000,31.152767892899998
84,19,84,0,1,84,0,252234,7,12995,121.348378999999990,31.160370000000000,121.353467714000000,31.161764250000001
85,38,85,0,1,85,0,252761,7,17324,121.358644000000000,31.159061000000001,121.364391143000010,31.161764250000001
86,42,86,0,1,86,0,253324,7,16675,121.369387000000000,31.158086000000001,121.375314571000000,31.161764250000001
87,33,87,0,1,87,0,253960,7,12076,121.380253000000000,31.159161999999998,121.386238000000010,31.161764250000001
88,72,88,0,1,88,0,254727,7,23685,121.390817000000000,31.161733999999999,121.397161428999990,31.161764250000001
89,60,89,0,1,89,0,255714,7,15132,121.401628000000000,31.165709000000000,121.408084857000010,31.161764250000001
90,78,90,0,1,90,0,256650,7,20877,121.412701000000000,31.157708000000000,121.419008285999990,31.161764250000001
91,60,91,0,1,91,0,257686,7,20398,121.423556000000000,31.157465999999999,121.429931714000010,31.161764250000001
92,47,92,0,1,92,0,258839,7,11191,121.434651000000000,31.166509000000001,121.440855142999990,31.161764250000001
93,30,93,0,1,93,0,260008,7,8341,121.445778000000000,31.158035999999999,121.451778571000010,31.161764250000001
94,10,94,0,1,94,0,261162,7,731,121.456402999999990,31.165648999999998,121.462701999999990,31.161764250000001
95,20,95,0,1,95,0,262131,7,5008,121.468411000000000,31.159607999999999,121.473625428999990,31.161764250000001
96,22,96,0,1,96,0,263009,7,11015,121.478128000000000,31.162811999999999,121.484548856999990,31.161764250000001
97,54,97,0,1,97,0,264175,7,18417,121.490018000000010,31.163105999999999,121.495472285999990,31.161764250000001
98,31,98,0,1,98,0,265002,7,9007,121.500365000000000,31.161721000000000,121.506395714000010,31.161764250000001
99,31,99,0,1,99,0,265791,7,12538,121.511398000000000,31.163253000000001,121.517319142999990,31.161764250000001
100,29,100,0,1,100,0,266528,7,11615,121.521949000000010,31.158173000000001,121.528242571000010,31.161764250000001
101,8,101,0,1,101,0,267241,7,3302,121.534737000000010,31.159147999999998,121.539165999999990,31.161764250000001
102,16,102,0,1,102,0,267628,7,3845,121.544405000000000,31.163025999999999,121.550089429000000,31.161764250000001
103,34,103,0,1,103,0,268009,7,7684,121.555110000000000,31.164283999999999,121.561012856999990,31.161764250000001
104,30,104,0,1,104,0,268348,7,6806,121.565779000000010,31.159165000000002,121.571936286000000,31.161764250000001
105,10,105,0,1,105,0,268971,7,1739,121.584272000000000,31.164435000000001,121.582859713999990,31.161764250000001
106,1,106,0,1,106,0,269084,7,154,121.587875000000000,31.156915000000001,121.593783143000000,31.161764250000001
107,3,107,0,1,107,0,269444,7,502,121.603022999999990,31.163011999999998,121.604706570999990,31.161764250000001
108,6,108,0,1,108,0,269791,7,424,121.617628000000000,31.156676000000001,121.615630000000000,31.161764250000001
109,6,109,0,1,109,0,269846,7,781,121.620645999999990,31.156984999999999,121.626553429000000,31.161764250000001
110,6,110,0,1,110,0,270039,7,1075,121.631018999999990,31.163829000000000,121.637476857000000,31.161764250000001
111,4,111,0,1,111,0,270267,7,1007,121.643114999999990,31.165240000000001,121.648400286000000,31.161764250000001
112,32,112,0,1,112,0,252269,7,14367,121.349078000000010,31.171766000000002,121.353467714000000,31.170760607100000
113,31,113,0,1,113,0,252736,7,12069,121.358104000000000,31.172052999999998,121.364391143000010,31.170760607100000
114,41,114,0,1,114,0,253297,7,15414,121.368917000000000,31.171565999999999,121.375314571000000,31.170760607100000
115,64,115,0,1,115,0,253933,7,14680,121.379791000000000,31.168973000000001,121.386238000000010,31.170760607100000
116,95,116,0,1,116,0,254728,7,10818,121.390818999999990,31.170375000000000,121.397161428999990,31.170760607100000
117,70,117,0,1,117,0,255714,7,8548,121.401628000000000,31.165709000000000,121.408084857000010,31.170760607100000
118,82,118,0,1,118,0,256654,7,21263,121.412737000000010,31.176100999999999,121.419008285999990,31.170760607100000
119,75,119,0,1,119,0,257683,7,33403,121.423543000000000,31.170933999999999,121.429931714000010,31.170760607100000
120,49,120,0,1,120,0,258839,7,22111,121.434651000000000,31.166509000000001,121.440855142999990,31.170760607100000
121,28,121,0,1,121,0,259965,7,9763,121.445417000000010,31.174478000000001,121.451778571000010,31.170760607100000
122,11,122,0,1,122,0,261162,7,1345,121.456402999999990,31.165648999999998,121.462701999999990,31.170760607100000
123,22,123,0,1,123,0,262466,7,8481,121.472312000000000,31.175369000000000,121.473625428999990,31.170760607100000
124,45,124,0,1,124,0,263101,7,17452,121.478960000000000,31.173791999999999,121.484548856999990,31.170760607100000
125,63,125,0,1,125,0,264112,7,27961,121.489217999999990,31.167529999999999,121.495472285999990,31.170760607100000
126,31,126,0,1,126,0,265030,7,13253,121.500687000000000,31.166948000000001,121.506395714000010,31.170760607100000
127,24,127,0,1,127,0,265916,7,9510,121.513231000000000,31.174979000000000,121.517319142999990,31.170760607100000
128,25,128,0,1,128,0,266523,7,9115,121.521837000000000,31.169530999999999,121.528242571000010,31.170760607100000
129,24,129,0,1,129,0,267144,7,5016,121.533043000000010,31.175886999999999,121.539165999999990,31.170760607100000
130,9,130,0,1,130,0,267761,7,1889,121.547961000000000,31.172809000000001,121.550089429000000,31.170760607100000
131,25,131,0,1,131,0,268047,7,2719,121.556144000000000,31.172219999999999,121.561012856999990,31.170760607100000
132,16,132,0,1,132,0,268382,7,1588,121.566710000000000,31.166601000000000,121.571936286000000,31.170760607100000
133,11,133,0,1,133,0,268729,7,850,121.577077000000000,31.168126999999998,121.582859713999990,31.170760607100000
134,6,134,0,1,134,0,269132,7,1827,121.589778999999990,31.173798999999999,121.593783143000000,31.170760607100000
135,5,135,0,1,135,0,269367,7,621,121.599932000000000,31.171188000000001,121.604706570999990,31.170760607100000
136,1,136,0,1,136,0,269809,7,56,121.618917999999990,31.165351999999999,121.615630000000000,31.170760607100000
137,7,137,0,1,137,0,269899,7,1473,121.623341999999990,31.167265000000000,121.626553429000000,31.170760607100000
138,7,138,0,1,138,0,270072,7,1576,121.632864000000000,31.175221000000001,121.637476857000000,31.170760607100000
139,5,139,0,1,139,0,270244,7,983,121.642285000000000,31.168938000000001,121.648400286000000,31.170760607100000
140,33,140,0,1,140,0,252264,7,24213,121.349024000000000,31.179244000000001,121.353467714000000,31.179756964300001
141,53,141,0,1,141,0,252733,7,22068,121.358078000000010,31.178488999999999,121.364391143000010,31.179756964300001
142,57,142,0,1,142,0,253314,7,10095,121.369240000000000,31.182715000000002,121.375314571000000,31.179756964300001
143,60,143,0,1,143,0,253932,7,15520,121.379779000000000,31.183897999999999,121.386238000000010,31.179756964300001
144,48,144,0,1,144,0,254723,7,11537,121.390765000000000,31.182872000000000,121.397161428999990,31.179756964300001
145,59,145,0,1,145,0,255722,7,10858,121.401734000000000,31.175020000000000,121.408084857000010,31.179756964300001
146,56,146,0,1,146,0,256654,7,23433,121.412737000000010,31.176100999999999,121.419008285999990,31.179756964300001
147,68,147,0,1,147,0,257736,7,17067,121.424046000000000,31.185158999999999,121.429931714000010,31.179756964300001
148,90,148,0,1,148,0,258854,7,23855,121.434740000000010,31.184846000000000,121.440855142999990,31.179756964300001
149,28,149,0,1,149,0,259965,7,9962,121.445417000000010,31.174478000000001,121.451778571000010,31.179756964300001
150,9,150,0,1,150,0,261571,7,1233,121.461292000000000,31.180395000000001,121.462701999999990,31.179756964300001
151,20,151,0,1,151,0,262202,7,3713,121.469370000000000,31.183354000000001,121.473625428999990,31.179756964300001
152,59,152,0,1,152,0,263125,7,14044,121.479149000000010,31.175194000000001,121.484548856999990,31.179756964300001
153,68,153,0,1,153,0,264119,7,21509,121.489278000000000,31.184542000000000,121.495472285999990,31.179756964300001
154,42,154,0,1,154,0,264993,7,24161,121.500283999999990,31.177050000000001,121.506395714000010,31.179756964300001
155,35,155,0,1,155,0,265773,7,19747,121.511134000000000,31.185160000000000,121.517319142999990,31.179756964300001
156,25,156,0,1,156,0,266651,7,5494,121.524398000000010,31.178238000000000,121.528242571000010,31.179756964300001
157,17,157,0,1,157,0,267144,7,5115,121.533043000000010,31.175886999999999,121.539165999999990,31.179756964300001
158,24,158,0,1,158,0,267612,7,6338,121.544122000000000,31.178205999999999,121.550089429000000,31.179756964300001
159,24,159,0,1,159,0,268020,7,3827,121.555327000000010,31.183532000000000,121.561012856999990,31.179756964300001
160,17,160,0,1,160,0,268365,7,852,121.566246000000010,31.183326999999998,121.571936286000000,31.179756964300001
161,13,161,0,1,161,0,268748,7,541,121.577499000000000,31.184616999999999,121.582859713999990,31.179756964300001
162,7,162,0,1,162,0,269091,7,1628,121.588091000000010,31.181839000000000,121.593783143000000,31.179756964300001
163,7,163,0,1,163,0,269341,7,1140,121.598434999999990,31.180586000000002,121.604706570999990,31.179756964300001
164,17,164,0,1,164,0,269587,7,1966,121.609605000000000,31.180091000000001,121.615630000000000,31.179756964300001
165,14,165,0,1,165,0,269836,7,4545,121.620171000000000,31.185143000000000,121.626553429000000,31.179756964300001
166,10,166,0,1,166,0,270058,7,2432,121.632244000000000,31.179642999999999,121.637476857000000,31.179756964300001
167,4,167,0,1,167,0,270252,7,890,121.642657000000000,31.181155000000000,121.648400286000000,31.179756964300001
168,23,168,0,1,168,0,252276,7,7020,121.349208000000000,31.193484000000002,121.353467714000000,31.188753321400000
169,63,169,0,1,169,0,252779,7,18104,121.359007000000010,31.188908000000001,121.364391143000010,31.188753321400000
170,70,170,0,1,170,0,253299,7,14374,121.368928999999990,31.191517000000001,121.375314571000000,31.188753321400000
171,61,171,0,1,171,0,253932,7,12725,121.379779000000000,31.183897999999999,121.386238000000010,31.188753321400000
172,56,172,0,1,172,0,254724,7,13573,121.390784000000000,31.186108999999998,121.397161428999990,31.188753321400000
173,47,173,0,1,173,0,255737,7,16837,121.401957999999990,31.191034999999999,121.408084857000010,31.188753321400000
174,80,174,0,1,174,0,256717,7,23693,121.413332000000000,31.192291999999998,121.419008285999990,31.188753321400000
175,138,175,0,1,175,0,257701,7,27465,121.423723000000000,31.187982999999999,121.429931714000010,31.188753321400000
176,128,176,0,1,176,0,258846,7,27151,121.434698999999990,31.185927000000000,121.440855142999990,31.188753321400000
177,68,177,0,1,177,0,259990,7,21900,121.445652000000000,31.191979000000000,121.451778571000010,31.188753321400000
178,21,178,0,1,178,0,261332,7,2356,121.458286000000000,31.192229000000001,121.462701999999990,31.188753321400000
179,28,179,0,1,179,0,262057,7,4091,121.467474000000000,31.192716999999998,121.473625428999990,31.188753321400000
180,48,180,0,1,180,0,263109,7,1693,121.479043000000000,31.186074000000001,121.484548856999990,31.188753321400000
181,53,181,0,1,181,0,264119,7,6884,121.489278000000000,31.184542000000000,121.495472285999990,31.188753321400000
182,53,182,0,1,182,0,265029,7,20680,121.500681000000000,31.186288000000001,121.506395714000010,31.188753321400000
183,31,183,0,1,183,0,265766,7,14722,121.511062000000000,31.193867999999998,121.517319142999990,31.188753321400000
184,38,184,0,1,184,0,266527,7,9516,121.521941000000000,31.189648999999999,121.528242571000010,31.188753321400000
185,17,185,0,1,185,0,267186,7,5608,121.533800000000000,31.191212000000000,121.539165999999990,31.188753321400000
186,35,186,0,1,186,0,267613,7,11280,121.544123000000000,31.185887000000001,121.550089429000000,31.188753321400000
187,27,187,0,1,187,0,268008,7,4501,121.555006000000010,31.189807999999999,121.561012856999990,31.188753321400000
188,23,188,0,1,188,0,268362,7,2457,121.566180000000000,31.187892999999999,121.571936286000000,31.188753321400000
189,28,189,0,1,189,0,268735,7,1746,121.577297000000000,31.186837000000001,121.582859713999990,31.188753321400000
190,29,190,0,1,190,0,269102,7,2746,121.588583000000000,31.186572999999999,121.593783143000000,31.188753321400000
191,17,191,0,1,191,0,269346,7,491,121.598926000000010,31.193358000000000,121.604706570999990,31.188753321400000
192,10,192,0,1,192,0,269836,7,603,121.620171000000000,31.185143000000000,121.615630000000000,31.188753321400000
193,17,193,0,1,193,0,269836,7,3815,121.620171000000000,31.185143000000000,121.626553429000000,31.188753321400000
194,13,194,0,1,194,0,270046,7,3081,121.631345000000000,31.189311000000000,121.637476857000000,31.188753321400000
195,10,195,0,1,195,0,270241,7,2019,121.642148000000010,31.188783000000001,121.648400286000000,31.188753321400000
196,18,196,0,1,196,0,252276,7,3241,121.349208000000000,31.193484000000002,121.353467714000000,31.197749678600001
197,32,197,0,1,197,0,252738,7,8433,121.358149999999990,31.199781999999999,121.364391143000010,31.197749678600001
198,47,198,0,1,198,0,253333,7,8247,121.369601000000000,31.201630999999999,121.375314571000000,31.197749678600001
199,83,199,0,1,199,0,253939,7,18334,121.379870999999990,31.193197000000001,121.386238000000010,31.197749678600001
200,78,200,0,1,200,0,254737,7,16460,121.390921000000010,31.200047000000001,121.397161428999990,31.197749678600001
201,72,201,0,1,201,0,255717,7,17516,121.401668000000000,31.196687000000001,121.408084857000010,31.197749678600001
202,94,202,0,1,202,0,256672,7,25679,121.412935000000000,31.197320000000001,121.419008285999990,31.197749678600001
203,142,203,0,1,203,0,257698,7,29416,121.423697000000000,31.196517000000000,121.429931714000010,31.197749678600001
204,139,204,0,1,204,0,258821,7,26613,121.434495000000000,31.195715000000000,121.440855142999990,31.197749678600001
205,117,205,0,1,205,0,259991,7,35616,121.445656000000000,31.200569999999999,121.451778571000010,31.197749678600001
206,68,206,0,1,206,0,261253,7,29288,121.457210000000000,31.202856000000001,121.462701999999990,31.197749678600001
207,71,207,0,1,207,0,262057,7,21252,121.467474000000000,31.192716999999998,121.473625428999990,31.197749678600001
208,47,208,0,1,208,0,263005,7,7628,121.478111000000000,31.200271999999998,121.484548856999990,31.197749678600001
209,33,209,0,1,209,0,264139,7,3140,121.489502000000000,31.201442000000000,121.495472285999990,31.197749678600001
210,79,210,0,1,210,0,264994,7,20755,121.500291000000000,31.194331999999999,121.506395714000010,31.197749678600001
211,53,211,0,1,211,0,265764,7,21278,121.510997000000000,31.196766000000000,121.517319142999990,31.197749678600001
212,33,212,0,1,212,0,266542,7,7584,121.522130000000000,31.192727999999999,121.528242571000010,31.197749678600001
213,15,213,0,1,213,0,267189,7,3783,121.533884000000000,31.199801000000001,121.539165999999990,31.197749678600001
214,35,214,0,1,214,0,267607,7,9553,121.544009000000000,31.202544000000000,121.550089429000000,31.197749678600001
215,25,215,0,1,215,0,268006,7,7443,121.554941000000000,31.198157999999999,121.561012856999990,31.197749678600001
216,21,216,0,1,216,0,268392,7,7060,121.566964000000000,31.203036000000001,121.571936286000000,31.197749678600001
217,36,217,0,1,217,0,268715,7,5193,121.576770999999990,31.199926000000001,121.582859713999990,31.197749678600001
218,28,218,0,1,218,0,269112,7,3695,121.588946000000010,31.198502999999999,121.593783143000000,31.197749678600001
219,38,219,0,1,219,0,269342,7,2267,121.598564000000000,31.195551999999999,121.604706570999990,31.197749678600001
220,23,220,0,1,220,0,269593,7,2512,121.609723000000000,31.198816999999998,121.615630000000000,31.197749678600001
221,25,221,0,1,221,0,269843,7,5314,121.620532999999990,31.198909000000000,121.626553429000000,31.197749678600001
222,11,222,0,1,222,0,270045,7,2982,121.631339999999990,31.201028999999998,121.637476857000000,31.197749678600001
223,6,223,0,1,223,0,270311,7,1420,121.645889999999990,31.202999999999999,121.648400286000000,31.197749678600001
224,24,224,0,1,224,0,252345,7,7752,121.350652999999990,31.207854999999999,121.353467714000000,31.206746035700000
225,50,225,0,1,225,0,252732,7,11922,121.358058000000000,31.207740999999999,121.364391143000010,31.206746035700000
226,50,226,0,1,226,0,253311,7,12106,121.369170000000000,31.211224000000001,121.375314571000000,31.206746035700000
227,58,227,0,1,227,0,253943,7,24208,121.379983000000000,31.206927000000000,121.386238000000010,31.206746035700000
228,139,228,0,1,228,0,254721,7,28514,121.390744000000000,31.206222000000000,121.397161428999990,31.206746035700000
229,91,229,0,1,229,0,255712,7,30165,121.401625999999990,31.205023000000001,121.408084857000010,31.206746035700000
230,96,230,0,1,230,0,256684,7,30993,121.413049000000000,31.208604999999999,121.419008285999990,31.206746035700000
231,89,231,0,1,231,0,257677,7,24290,121.423480000000000,31.205119000000000,121.429931714000010,31.206746035700000
232,80,232,0,1,232,0,258824,7,15218,121.434549000000000,31.209159000000000,121.440855142999990,31.206746035700000
233,111,233,0,1,233,0,259971,7,24993,121.445463000000000,31.206471000000001,121.451778571000010,31.206746035700000
234,131,234,0,1,234,0,261150,7,32968,121.456297000000010,31.209978000000000,121.462701999999990,31.206746035700000
235,111,235,0,1,235,0,262041,7,37002,121.467257000000000,31.203672000000001,121.473625428999990,31.206746035700000
236,112,236,0,1,236,0,263006,7,35627,121.478117000000000,31.203102999999999,121.484548856999990,31.206746035700000
237,46,237,0,1,237,0,264100,7,15832,121.489047000000000,31.208886000000000,121.495472285999990,31.206746035700000
238,35,238,0,1,238,0,264980,7,13377,121.500035999999990,31.209523999999998,121.506395714000010,31.206746035700000
239,75,239,0,1,239,0,265759,7,13672,121.510896000000000,31.205324000000001,121.517319142999990,31.206746035700000
240,48,240,0,1,240,0,266551,7,5693,121.522315000000010,31.209102000000001,121.528242571000010,31.206746035700000
241,38,241,0,1,241,0,267130,7,7589,121.532735000000000,31.210540000000002,121.539165999999990,31.206746035700000
242,57,242,0,1,242,0,267607,7,12449,121.544009000000000,31.202544000000000,121.550089429000000,31.206746035700000
243,47,243,0,1,243,0,268004,7,9855,121.554838000000000,31.209752999999999,121.561012856999990,31.206746035700000
244,18,244,0,1,244,0,268353,7,6255,121.565911000000000,31.212145000000000,121.571936286000000,31.206746035700000
245,48,245,0,1,245,0,268727,7,6589,121.577042000000010,31.210273000000001,121.582859713999990,31.206746035700000
246,29,246,0,1,246,0,269105,7,3532,121.588679000000000,31.205355999999998,121.593783143000000,31.206746035700000
247,39,247,0,1,247,0,269344,7,5269,121.598782000000000,31.205752000000000,121.604706570999990,31.206746035700000
248,34,248,0,1,248,0,269589,7,7349,121.609624999999990,31.208476999999998,121.615630000000000,31.206746035700000
249,35,249,0,1,249,0,269837,7,4367,121.620180000000000,31.208158999999998,121.626553429000000,31.206746035700000
250,20,250,0,1,250,0,270064,7,2462,121.632575000000000,31.204446000000001,121.637476857000000,31.206746035700000
251,12,251,0,1,251,0,270308,7,2552,121.645762000000000,31.211134999999999,121.648400286000000,31.206746035700000
252,44,252,0,1,252,0,252240,7,17531,121.348470000000010,31.217559000000001,121.353467714000000,31.215742392900001
253,57,253,0,1,253,0,252734,7,23157,121.358082000000000,31.211496000000000,121.364391143000010,31.215742392900001
254,67,254,0,1,254,0,253307,7,21077,121.369113000000000,31.217341000000001,121.375314571000000,31.215742392900001
255,78,255,0,1,255,0,253944,7,25954,121.380005000000000,31.213943000000000,121.386238000000010,31.215742392900001
256,92,256,0,1,256,0,254757,7,27951,121.391152000000010,31.214601999999999,121.397161428999990,31.215742392900001
257,76,257,0,1,257,0,255734,7,28379,121.401934000000000,31.212864000000000,121.408084857000010,31.215742392900001
258,110,258,0,1,258,0,256657,7,28644,121.412796000000000,31.220804000000001,121.419008285999990,31.215742392900001
259,104,259,0,1,259,0,257711,7,22009,121.423830000000000,31.213730000000002,121.429931714000010,31.215742392900001
260,97,260,0,1,260,0,258823,7,21087,121.434535000000000,31.216882999999999,121.440855142999990,31.215742392900001
261,118,261,0,1,261,0,260002,7,24782,121.445739000000000,31.215809000000000,121.451778571000010,31.215742392900001
262,111,262,0,1,262,0,261152,7,28046,121.456304000000000,31.213581000000001,121.462701999999990,31.215742392900001
263,115,263,0,1,263,0,262034,7,38707,121.467183000000010,31.217381000000000,121.473625428999990,31.215742392900001
264,110,264,0,1,264,0,263002,7,41318,121.478094000000000,31.213229999999999,121.484548856999990,31.215742392900001
265,77,265,0,1,265,0,264098,7,23127,121.489023000000000,31.216363000000001,121.495472285999990,31.215742392900001
266,48,266,0,1,266,0,264985,7,7663,121.500185000000000,31.210744999999999,121.506395714000010,31.215742392900001
267,70,267,0,1,267,0,265763,7,13243,121.510970000000000,31.211960000000001,121.517319142999990,31.215742392900001
268,70,268,0,1,268,0,266539,7,7535,121.522098000000000,31.214794999999999,121.528242571000010,31.215742392900001
269,30,269,0,1,269,0,267130,7,4662,121.532735000000000,31.210540000000002,121.539165999999990,31.215742392900001
270,30,270,0,1,270,0,267631,7,4295,121.544455000000000,31.214836999999999,121.550089429000000,31.215742392900001
271,58,271,0,1,271,0,268050,7,1383,121.556252000000000,31.221204000000000,121.561012856999990,31.215742392900001
272,20,272,0,1,272,0,268353,7,1848,121.565911000000000,31.212145000000000,121.571936286000000,31.215742392900001
273,17,273,0,1,273,0,268727,7,2172,121.577042000000010,31.210273000000001,121.582859713999990,31.215742392900001
274,26,274,0,1,274,0,269108,7,3053,121.588891000000000,31.210809000000001,121.593783143000000,31.215742392900001
275,25,275,0,1,275,0,269359,7,2458,121.599504999999990,31.214644000000000,121.604706570999990,31.215742392900001
276,26,276,0,1,276,0,269590,7,5913,121.609639000000000,31.217089999999999,121.615630000000000,31.215742392900001
277,30,277,0,1,277,0,269854,7,3722,121.620801000000000,31.215046999999998,121.626553429000000,31.215742392900001
278,13,278,0,1,278,0,270044,7,2636,121.631246000000000,31.220466999999999,121.637476857000000,31.215742392900001
279,11,279,0,1,279,0,270260,7,1846,121.642976000000000,31.215613000000001,121.648400286000000,31.215742392900001
280,44,280,0,1,280,0,252232,7,12658,121.348311000000000,31.226371000000000,121.353467714000000,31.224738750000000
281,28,281,0,1,281,0,252743,7,13354,121.358267000000000,31.220067000000000,121.364391143000010,31.224738750000000
282,31,282,0,1,282,0,253349,7,11269,121.369851000000000,31.224100000000000,121.375314571000000,31.224738750000000
283,36,283,0,1,283,0,254074,7,5787,121.381927000000000,31.223773000000001,121.386238000000010,31.224738750000000
284,38,284,0,1,284,0,254767,7,9175,121.391281000000010,31.224319999999999,121.397161428999990,31.224738750000000
285,55,285,0,1,285,0,255735,7,24539,121.401950000000000,31.227727000000002,121.408084857000010,31.224738750000000
286,87,286,0,1,286,0,256657,7,27705,121.412796000000000,31.220804000000001,121.419008285999990,31.224738750000000
287,78,287,0,1,287,0,257689,7,26858,121.423593999999990,31.227868999999998,121.429931714000010,31.224738750000000
288,147,288,0,1,288,0,258829,7,31555,121.434566000000000,31.220635999999999,121.440855142999990,31.224738750000000
289,119,289,0,1,289,0,259956,7,26745,121.445322000000000,31.228859000000000,121.451778571000010,31.224738750000000
290,117,290,0,1,290,0,261166,7,27931,121.456436000000000,31.219441000000000,121.462701999999990,31.224738750000000
291,172,291,0,1,291,0,262047,7,42272,121.467308000000000,31.223043000000001,121.473625428999990,31.224738750000000
292,99,292,0,1,292,0,263016,7,33247,121.478174000000000,31.228324000000001,121.484548856999990,31.224738750000000
293,91,293,0,1,293,0,264113,7,24956,121.489220000000000,31.221000000000000,121.495472285999990,31.224738750000000
294,64,294,0,1,294,0,264978,7,8312,121.500029000000000,31.225518999999998,121.506395714000010,31.224738750000000
295,93,295,0,1,295,0,265758,7,13808,121.510893000000000,31.229082999999999,121.517319142999990,31.224738750000000
296,102,296,0,1,296,0,266533,7,14518,121.522009000000000,31.221805000000000,121.528242571000010,31.224738750000000
297,54,297,0,1,297,0,267153,7,7196,121.533198000000000,31.224381000000001,121.539165999999990,31.224738750000000
298,55,298,0,1,298,0,267616,7,4727,121.544214000000000,31.227103000000000,121.550089429000000,31.224738750000000
299,24,299,0,1,299,0,268002,7,4248,121.554789000000000,31.227340000000002,121.561012856999990,31.224738750000000
300,9,300,0,1,300,0,268369,7,1606,121.566402999999990,31.224817000000002,121.571936286000000,31.224738750000000
301,7,301,0,1,301,0,275881,7,256,121.580057000000000,31.222754999999999,121.582859713999990,31.224738750000000
302,9,302,0,1,302,0,269298,7,571,121.596127999999990,31.224978000000000,121.593783143000000,31.224738750000000
303,12,303,0,1,303,0,269412,7,2237,121.601731000000000,31.221131000000000,121.604706570999990,31.224738750000000
304,14,304,0,1,304,0,269592,7,1565,121.609705000000010,31.222415000000002,121.615630000000000,31.224738750000000
305,19,305,0,1,305,0,269871,7,1474,121.621388999999990,31.224760000000000,121.626553429000000,31.224738750000000
306,11,306,0,1,306,0,270044,7,1384,121.631246000000000,31.220466999999999,121.637476857000000,31.224738750000000
307,9,307,0,1,307,0,270294,7,1764,121.644848000000000,31.228842000000000,121.648400286000000,31.224738750000000
308,28,308,0,1,308,0,252238,7,6013,121.348440999999990,31.232915999999999,121.353467714000000,31.233735107099999
309,17,309,0,1,309,0,252766,7,6291,121.358705000000000,31.229151999999999,121.364391143000010,31.233735107099999
310,42,310,0,1,310,0,253313,7,16524,121.369221999999990,31.233180000000001,121.375314571000000,31.233735107099999
311,50,311,0,1,311,0,253973,7,17377,121.380444999999990,31.235643000000000,121.386238000000010,31.233735107099999
312,47,312,0,1,312,0,254762,7,30938,121.391227000000000,31.234247000000000,121.397161428999990,31.233735107099999
313,74,313,0,1,313,0,255720,7,22761,121.401720000000000,31.237939000000001,121.408084857000010,31.233735107099999
314,90,314,0,1,314,0,256653,7,23905,121.412722000000000,31.237711999999998,121.419008285999990,31.233735107099999
315,100,315,0,1,315,0,257684,7,28074,121.423544000000010,31.230616999999999,121.429931714000010,31.233735107099999
316,107,316,0,1,316,0,258826,7,29467,121.434551000000000,31.236017000000000,121.440855142999990,31.233735107099999
317,136,317,0,1,317,0,259956,7,26810,121.445322000000000,31.228859000000000,121.451778571000010,31.233735107099999
318,145,318,0,1,318,0,261145,7,31797,121.456249000000000,31.237964999999999,121.462701999999990,31.233735107099999
319,249,319,0,1,319,0,262035,7,40437,121.467206000000000,31.236516000000002,121.473625428999990,31.233735107099999
320,171,320,0,1,320,0,263012,7,33977,121.478147000000010,31.237839999999998,121.484548856999990,31.233735107099999
321,96,321,0,1,321,0,264108,7,12311,121.489192000000000,31.231510000000000,121.495472285999990,31.233735107099999
322,104,322,0,1,322,0,264983,7,12653,121.500182000000000,31.236872999999999,121.506395714000010,31.233735107099999
323,130,323,0,1,323,0,265756,7,16811,121.510875000000000,31.235085999999999,121.517319142999990,31.233735107099999
324,57,324,0,1,324,0,266525,7,15530,121.521855000000000,31.231349999999999,121.528242571000010,31.233735107099999
325,41,325,0,1,325,0,267132,7,12452,121.532743999999990,31.239196000000000,121.539165999999990,31.233735107099999
326,29,326,0,1,326,0,267624,7,5429,121.544360000000000,31.228835000000000,121.550089429000000,31.233735107099999
327,26,327,0,1,327,0,268015,7,6419,121.555268000000000,31.232043000000001,121.561012856999990,31.233735107099999
328,12,328,0,1,328,0,268378,7,2598,121.566632000000000,31.231334000000000,121.571936286000000,31.233735107099999
329,8,329,0,1,329,0,268764,7,1858,121.578115999999990,31.236052999999998,121.582859713999990,31.233735107099999
330,8,330,0,1,330,0,269200,7,1353,121.592342000000000,31.237304999999999,121.593783143000000,31.233735107099999
331,10,331,0,1,331,0,269343,7,1844,121.598771000000000,31.237908999999998,121.604706570999990,31.233735107099999
332,2,332,0,1,332,0,269867,7,622,121.621204000000010,31.233537999999999,121.615630000000000,31.233735107099999
333,5,333,0,1,333,0,269867,7,663,121.621204000000010,31.233537999999999,121.626553429000000,31.233735107099999
334,7,334,0,1,334,0,270088,7,2039,121.633433000000000,31.228888999999999,121.637476857000000,31.233735107099999
335,10,335,0,1,335,0,270249,7,1304,121.642469000000010,31.230409999999999,121.648400286000000,31.233735107099999
336,22,336,0,1,336,0,252280,7,11055,121.349335999999990,31.245374999999999,121.353467714000000,31.242731464300000
337,18,337,0,1,337,0,252726,7,7882,121.357958999999990,31.242953000000000,121.364391143000010,31.242731464300000
338,21,338,0,1,338,0,253320,7,5482,121.369328000000000,31.239272000000000,121.375314571000000,31.242731464300000
339,27,339,0,1,339,0,254067,7,12159,121.381792000000000,31.245193000000000,121.386238000000010,31.242731464300000
340,65,340,0,1,340,0,254804,7,36280,121.391668000000000,31.244596999999999,121.397161428999990,31.242731464300000
341,84,341,0,1,341,0,255720,7,37141,121.401720000000000,31.237939000000001,121.408084857000010,31.242731464300000
342,74,342,0,1,342,0,256653,7,41222,121.412722000000000,31.237711999999998,121.419008285999990,31.242731464300000
343,94,343,0,1,343,0,257742,7,29934,121.424090000000010,31.243324000000001,121.429931714000010,31.242731464300000
344,111,344,0,1,344,0,258818,7,32714,121.434441000000010,31.242452000000000,121.440855142999990,31.242731464300000
345,112,345,0,1,345,0,259985,7,24311,121.445595999999990,31.241472000000002,121.451778571000010,31.242731464300000
346,108,346,0,1,346,0,261145,7,36641,121.456249000000000,31.237964999999999,121.462701999999990,31.242731464300000
347,131,347,0,1,347,0,262036,7,38213,121.467207000000000,31.244263000000000,121.473625428999990,31.242731464300000
348,142,348,0,1,348,0,263003,7,23051,121.478102000000010,31.245225999999999,121.484548856999990,31.242731464300000
349,85,349,0,1,349,0,264158,7,5717,121.489790000000000,31.246691999999999,121.495472285999990,31.242731464300000
350,81,350,0,1,350,0,264991,7,6107,121.500251000000010,31.241917999999998,121.506395714000010,31.242731464300000
351,68,351,0,1,351,0,265781,7,13600,121.511210000000010,31.241125000000000,121.517319142999990,31.242731464300000
352,44,352,0,1,352,0,266583,7,5318,121.522831000000000,31.238659999999999,121.528242571000010,31.242731464300000
353,40,353,0,1,353,0,267132,7,8807,121.532743999999990,31.239196000000000,121.539165999999990,31.242731464300000
354,37,354,0,1,354,0,267614,7,9133,121.544132000000000,31.241316000000001,121.550089429000000,31.242731464300000
355,33,355,0,1,355,0,268012,7,9750,121.555201999999990,31.243189999999998,121.561012856999990,31.242731464300000
356,24,356,0,1,356,0,268358,7,7058,121.566140000000000,31.241675999999998,121.571936286000000,31.242731464300000
357,29,357,0,1,357,0,268741,7,5110,121.577400000000000,31.247053000000001,121.582859713999990,31.242731464300000
358,29,358,0,1,358,0,269096,7,2608,121.588308000000000,31.240521000000001,121.593783143000000,31.242731464300000
359,20,359,0,1,359,0,269343,7,870,121.598771000000000,31.237908999999998,121.604706570999990,31.242731464300000
360,11,360,0,1,360,0,269599,7,1242,121.609844000000000,31.240507999999998,121.615630000000000,31.242731464300000
361,11,361,0,1,361,0,269848,7,1512,121.620693000000000,31.242625000000000,121.626553429000000,31.242731464300000
362,8,362,0,1,362,0,270042,7,2121,121.631165000000000,31.242232000000001,121.637476857000000,31.242731464300000
363,2,363,0,1,363,0,270422,7,398,121.653025000000000,31.241182999999999,121.648400286000000,31.242731464300000
364,39,364,0,1,364,0,252274,7,13551,121.349186000000000,31.253259000000000,121.353467714000000,31.251727821399999
365,37,365,0,1,365,0,252763,7,15800,121.358658000000010,31.255911000000001,121.364391143000010,31.251727821399999
366,54,366,0,1,366,0,253317,7,22093,121.369313000000010,31.251863000000000,121.375314571000000,31.251727821399999
367,44,367,0,1,367,0,253938,7,20405,121.379859999999990,31.248258000000000,121.386238000000010,31.251727821399999
368,66,368,0,1,368,0,254742,7,32976,121.390992999999990,31.253900000000002,121.397161428999990,31.251727821399999
369,50,369,0,1,369,0,255716,7,30309,121.401661000000000,31.252105000000000,121.408084857000010,31.251727821399999
370,48,370,0,1,370,0,256736,7,24277,121.413566000000000,31.255962000000000,121.419008285999990,31.251727821399999
371,80,371,0,1,371,0,257731,7,29100,121.423992000000000,31.253615000000000,121.429931714000010,31.251727821399999
372,70,372,0,1,372,0,258840,7,34059,121.434653999999990,31.251030000000000,121.440855142999990,31.251727821399999
373,161,373,0,1,373,0,259967,7,33408,121.445424000000000,31.255163000000000,121.451778571000010,31.251727821399999
374,86,374,0,1,374,0,261157,7,36596,121.456356000000000,31.254391999999999,121.462701999999990,31.251727821399999
375,104,375,0,1,375,0,262037,7,44113,121.467221000000000,31.248394000000001,121.473625428999990,31.251727821399999
376,123,376,0,1,376,0,263015,7,31136,121.478163000000000,31.248256999999999,121.484548856999990,31.251727821399999
377,68,377,0,1,377,0,264099,7,15475,121.489029000000000,31.252956999999999,121.495472285999990,31.251727821399999
378,46,378,0,1,378,0,264977,7,11786,121.500024999999990,31.253630000000001,121.506395714000010,31.251727821399999
379,25,379,0,1,379,0,265768,7,10903,121.511099000000000,31.253563000000000,121.517319142999990,31.251727821399999
380,14,380,0,1,380,0,266588,7,5055,121.522929000000000,31.256861000000001,121.528242571000010,31.251727821399999
381,15,381,0,1,381,0,267414,7,3338,121.538580000000000,31.249099999999999,121.539165999999990,31.251727821399999
382,44,382,0,1,382,0,267606,7,8478,121.543970000000000,31.249957999999999,121.550089429000000,31.251727821399999
383,50,383,0,1,383,0,268001,7,8324,121.554779999999990,31.251888000000001,121.561012856999990,31.251727821399999
384,35,384,0,1,384,0,268334,7,10500,121.565484000000000,31.250111000000000,121.571936286000000,31.251727821399999
385,36,385,0,1,385,0,268725,7,11655,121.577009000000000,31.256733000000001,121.582859713999990,31.251727821399999
386,37,386,0,1,386,0,269078,7,2908,121.587532999999990,31.256239000000001,121.593783143000000,31.251727821399999
387,36,387,0,1,387,0,269351,7,2075,121.599269000000010,31.246531999999998,121.604706570999990,31.251727821399999
388,22,388,0,1,388,0,269583,7,1032,121.609343000000000,31.251926000000001,121.615630000000000,31.251727821399999
389,12,389,0,1,389,0,269860,7,437,121.621041000000010,31.254405999999999,121.626553429000000,31.251727821399999
390,10,390,0,1,390,0,270092,7,470,121.633885000000010,31.253532000000000,121.637476857000000,31.251727821399999
391,4,391,0,1,391,0,270391,7,779,121.651580999999990,31.253433999999999,121.648400286000000,31.251727821399999
392,17,392,0,1,392,0,252236,7,8976,121.348399000000000,31.258685000000000,121.353467714000000,31.260724178600000
393,27,393,0,1,393,0,252727,7,15002,121.357991000000000,31.258486000000001,121.364391143000010,31.260724178600000
394,38,394,0,1,394,0,253331,7,21363,121.369547000000000,31.257068000000000,121.375314571000000,31.260724178600000
395,35,395,0,1,395,0,253935,7,22284,121.379807000000000,31.261364000000000,121.386238000000010,31.260724178600000
396,48,396,0,1,396,0,254720,7,26020,121.390733999999990,31.261599000000000,121.397161428999990,31.260724178600000
397,36,397,0,1,397,0,255730,7,16554,121.401801000000010,31.257752000000000,121.408084857000010,31.260724178600000
398,49,398,0,1,398,0,256688,7,25646,121.413098000000010,31.262467000000001,121.419008285999990,31.260724178600000
399,54,399,0,1,399,0,257696,7,24485,121.423669000000000,31.257456000000001,121.429931714000010,31.260724178600000
400,72,400,0,1,400,0,258830,7,40307,121.434573000000000,31.258099999999999,121.440855142999990,31.260724178600000
401,90,401,0,1,401,0,259972,7,27505,121.445477999999990,31.261334999999999,121.451778571000010,31.260724178600000
402,89,402,0,1,402,0,261148,7,38906,121.456273000000000,31.263096000000001,121.462701999999990,31.260724178600000
403,100,403,0,1,403,0,262042,7,31928,121.467262000000010,31.258579999999998,121.473625428999990,31.260724178600000
404,81,404,0,1,404,0,263043,7,33974,121.478379000000000,31.259979000000001,121.484548856999990,31.260724178600000
405,71,405,0,1,405,0,264110,7,31152,121.489206999999990,31.265073000000001,121.495472285999990,31.260724178600000
406,68,406,0,1,406,0,264976,7,26006,121.500005000000000,31.261969000000001,121.506395714000010,31.260724178600000
407,47,407,0,1,407,0,265777,7,23543,121.511187000000010,31.256741000000002,121.517319142999990,31.260724178600000
408,56,408,0,1,408,0,266537,7,22023,121.522071000000000,31.262574000000001,121.528242571000010,31.260724178600000
409,32,409,0,1,409,0,267137,7,7435,121.532871000000000,31.263897000000000,121.539165999999990,31.260724178600000
410,13,410,0,1,410,0,267748,7,2005,121.547572000000000,31.265730000000001,121.550089429000000,31.260724178600000
411,34,411,0,1,411,0,268018,7,6282,121.555319999999990,31.260266000000001,121.561012856999990,31.260724178600000
412,27,412,0,1,412,0,268337,7,7416,121.565558000000000,31.266134999999998,121.571936286000000,31.260724178600000
413,29,413,0,1,413,0,268707,7,9730,121.576454000000000,31.260193999999998,121.582859713999990,31.260724178600000
414,25,414,0,1,414,0,269078,7,6235,121.587532999999990,31.256239000000001,121.593783143000000,31.260724178600000
415,38,415,0,1,415,0,269349,7,4036,121.599165000000000,31.260145000000001,121.604706570999990,31.260724178600000
416,31,416,0,1,416,0,269585,7,2856,121.609472999999990,31.265744999999999,121.615630000000000,31.260724178600000
417,21,417,0,1,417,0,269849,7,1746,121.620698000000000,31.258355000000002,121.626553429000000,31.260724178600000
418,9,418,0,1,418,0,270080,7,2914,121.633202000000000,31.265416999999999,121.637476857000000,31.260724178600000
419,18,419,0,1,419,0,270324,7,1939,121.646995000000000,31.264082999999999,121.648400286000000,31.260724178600000
420,9,420,0,1,420,0,252289,7,3356,121.349549999999990,31.274208000000002,121.353467714000000,31.269720535699999
421,16,421,0,1,421,0,252949,7,6243,121.362555000000000,31.269317999999998,121.364391143000010,31.269720535699999
422,27,422,0,1,422,0,253341,7,5574,121.369674000000000,31.271193000000000,121.375314571000000,31.269720535699999
423,51,423,0,1,423,0,253936,7,22057,121.379833000000000,31.274394999999998,121.386238000000010,31.269720535699999
424,37,424,0,1,424,0,254726,7,20691,121.390795000000000,31.264645999999999,121.397161428999990,31.269720535699999
425,52,425,0,1,425,0,255739,7,20693,121.401968000000000,31.269023000000001,121.408084857000010,31.269720535699999
426,48,426,0,1,426,0,256787,7,27728,121.414124000000000,31.267188999999998,121.419008285999990,31.269720535699999
427,48,427,0,1,427,0,257694,7,29474,121.423654000000000,31.274802999999999,121.429931714000010,31.269720535699999
428,52,428,0,1,428,0,258834,7,29521,121.434622000000000,31.270582000000001,121.440855142999990,31.269720535699999
429,66,429,0,1,429,0,259989,7,29486,121.445648000000010,31.265364999999999,121.451778571000010,31.269720535699999
430,73,430,0,1,430,0,261197,7,29820,121.456726000000000,31.271571000000002,121.462701999999990,31.269720535699999
431,90,431,0,1,431,0,262067,7,33157,121.467563000000000,31.268552000000000,121.473625428999990,31.269720535699999
432,82,432,0,1,432,0,263045,7,29268,121.478408000000000,31.271075000000000,121.484548856999990,31.269720535699999
433,51,433,0,1,433,0,264110,7,20566,121.489206999999990,31.265073000000001,121.495472285999990,31.269720535699999
434,53,434,0,1,434,0,264984,7,31434,121.500182000000000,31.274771999999999,121.506395714000010,31.269720535699999
435,47,435,0,1,435,0,265762,7,22943,121.510949999999990,31.267499000000001,121.517319142999990,31.269720535699999
436,59,436,0,1,436,0,266555,7,21262,121.522343000000010,31.266361000000000,121.528242571000010,31.269720535699999
437,56,437,0,1,437,0,267135,7,23428,121.532836000000000,31.272940999999999,121.539165999999990,31.269720535699999
438,22,438,0,1,438,0,267610,7,10437,121.544062000000000,31.268401999999998,121.550089429000000,31.269720535699999
439,12,439,0,1,439,0,268230,7,4095,121.562180000000000,31.264506999999998,121.561012856999990,31.269720535699999
440,23,440,0,1,440,0,268337,7,8494,121.565558000000000,31.266134999999998,121.571936286000000,31.269720535699999
441,36,441,0,1,441,0,268777,7,11707,121.578656000000000,31.265847000000001,121.582859713999990,31.269720535699999
442,31,442,0,1,442,0,269073,7,9382,121.587357999999990,31.272718000000001,121.593783143000000,31.269720535699999
443,28,443,0,1,443,0,269348,7,4876,121.598984000000000,31.268778999999999,121.604706570999990,31.269720535699999
444,18,444,0,1,444,0,269585,7,3856,121.609472999999990,31.265744999999999,121.615630000000000,31.269720535699999
445,22,445,0,1,445,0,269847,7,2604,121.620662000000000,31.272300999999999,121.626553429000000,31.269720535699999
446,13,446,0,1,446,0,270056,7,3910,121.632098000000000,31.270292000000001,121.637476857000000,31.269720535699999
447,21,447,0,1,447,0,270237,7,4070,121.641949000000000,31.267606000000001,121.648400286000000,31.269720535699999
448,17,448,0,1,448,0,252237,7,5225,121.348411000000000,31.280031000000001,121.353467714000000,31.278716892900000
449,33,449,0,1,449,0,252851,7,5476,121.360608000000000,31.282378000000001,121.364391143000010,31.278716892900000
450,25,450,0,1,450,0,253358,7,6228,121.370130000000000,31.273610000000001,121.375314571000000,31.278716892900000
451,31,451,0,1,451,0,253936,7,12225,121.379833000000000,31.274394999999998,121.386238000000010,31.278716892900000
452,45,452,0,1,452,0,254773,7,25609,121.391323000000000,31.273766999999999,121.397161428999990,31.278716892900000
453,49,453,0,1,453,0,255725,7,24407,121.401747000000000,31.281953999999999,121.408084857000010,31.278716892900000
454,50,454,0,1,454,0,256642,7,31371,121.412561999999990,31.281192999999998,121.419008285999990,31.278716892900000
455,40,455,0,1,455,0,257694,7,17650,121.423654000000000,31.274802999999999,121.429931714000010,31.278716892900000
456,41,456,0,1,456,0,258861,7,12236,121.434850999999990,31.273519000000000,121.440855142999990,31.278716892900000
457,72,457,0,1,457,0,259962,7,30433,121.445397000000000,31.275534000000000,121.451778571000010,31.278716892900000
458,46,458,0,1,458,0,261217,7,24928,121.456922000000010,31.277460000000001,121.462701999999990,31.278716892900000
459,72,459,0,1,459,0,262138,7,26108,121.468605999999990,31.280407000000000,121.473625428999990,31.278716892900000
460,76,460,0,1,460,0,263024,7,30909,121.478230999999990,31.277697000000000,121.484548856999990,31.278716892900000
461,73,461,0,1,461,0,264118,7,29626,121.489265000000000,31.278779000000000,121.495472285999990,31.278716892900000
462,64,462,0,1,462,0,264975,7,34972,121.499979999999990,31.280411999999998,121.506395714000010,31.278716892900000
463,57,463,0,1,463,0,265784,7,32172,121.511253000000000,31.275728000000001,121.517319142999990,31.278716892900000
464,41,464,0,1,464,0,266538,7,21564,121.522082999999990,31.279914999999999,121.528242571000010,31.278716892900000
465,44,465,0,1,465,0,267226,7,15417,121.534509000000000,31.279691000000000,121.539165999999990,31.278716892900000
466,32,466,0,1,466,0,267632,7,14029,121.544533000000000,31.280857999999998,121.550089429000000,31.278716892900000
467,8,467,0,1,467,0,268010,7,7430,121.555128000000000,31.277985999999999,121.561012856999990,31.278716892900000
468,19,468,0,1,468,0,268532,7,5948,121.571268000000000,31.280760000000001,121.571936286000000,31.278716892900000
469,39,469,0,1,469,0,268713,7,9033,121.576660000000000,31.278445999999999,121.582859713999990,31.278716892900000
470,33,470,0,1,470,0,269090,7,5668,121.588029000000010,31.278379000000001,121.593783143000000,31.278716892900000
471,25,471,0,1,471,0,269355,7,5240,121.599438000000010,31.281196999999999,121.604706570999990,31.278716892900000
472,16,472,0,1,472,0,269595,7,3012,121.609742999999990,31.277246000000002,121.615630000000000,31.278716892900000
473,13,473,0,1,473,0,269863,7,988,121.621103000000010,31.278184000000000,121.626553429000000,31.278716892900000
474,12,474,0,1,474,0,270089,7,2756,121.633554000000000,31.278399000000000,121.637476857000000,31.278716892900000
475,29,475,0,1,475,0,270251,7,4739,121.642498000000000,31.283687000000000,121.648400286000000,31.278716892900000
476,30,476,0,1,476,0,252223,7,13152,121.348035000000000,31.285159000000000,121.353467714000000,31.287713249999999
477,28,477,0,1,477,0,252795,7,4235,121.359402000000000,31.287277000000000,121.364391143000010,31.287713249999999
478,24,478,0,1,478,0,253298,7,12083,121.368923000000000,31.285011000000001,121.375314571000000,31.287713249999999
479,25,479,0,1,479,0,253961,7,14544,121.380256000000000,31.287054999999999,121.386238000000010,31.287713249999999
480,40,480,0,1,480,0,254733,7,28611,121.390879000000000,31.288740000000001,121.397161428999990,31.287713249999999
481,44,481,0,1,481,0,255780,7,24082,121.402407000000000,31.284981999999999,121.408084857000010,31.287713249999999
482,59,482,0,1,482,0,256645,7,24668,121.412631000000000,31.285664000000001,121.419008285999990,31.287713249999999
483,39,483,0,1,483,0,257715,7,20293,121.423862000000000,31.290759000000001,121.429931714000010,31.287713249999999
484,51,484,0,1,484,0,258889,7,11724,121.435115999999990,31.285139999999998,121.440855142999990,31.287713249999999
485,48,485,0,1,485,0,259984,7,16986,121.445582000000000,31.285073000000001,121.451778571000010,31.287713249999999
486,43,486,0,1,486,0,261160,7,13755,121.456396000000000,31.284987999999998,121.462701999999990,31.287713249999999
487,58,487,0,1,487,0,262089,7,32325,121.467935000000000,31.286438000000000,121.473625428999990,31.287713249999999
488,101,488,0,1,488,0,263030,7,28370,121.478247000000000,31.287572999999998,121.484548856999990,31.287713249999999
489,67,489,0,1,489,0,264101,7,21334,121.489079000000000,31.292280000000002,121.495472285999990,31.287713249999999
490,57,490,0,1,490,0,264974,7,19783,121.499973999999990,31.288557000000001,121.506395714000010,31.287713249999999
491,44,491,0,1,491,0,265767,7,28148,121.511089000000000,31.290095999999998,121.517319142999990,31.287713249999999
492,39,492,0,1,492,0,266519,7,37264,121.521801999999990,31.289287000000002,121.528242571000010,31.287713249999999
493,33,493,0,1,493,0,267151,7,24335,121.533133000000010,31.286007000000001,121.539165999999990,31.287713249999999
494,34,494,0,1,494,0,267604,7,14437,121.543820999999990,31.284931000000000,121.550089429000000,31.287713249999999
495,8,495,0,1,495,0,268003,7,2362,121.554789000000000,31.289923000000002,121.561012856999990,31.287713249999999
496,16,496,0,1,496,0,268423,7,5869,121.567880000000000,31.286892999999999,121.571936286000000,31.287713249999999
497,25,497,0,1,497,0,268775,7,7446,121.578638000000000,31.292901000000001,121.582859713999990,31.287713249999999
498,14,498,0,1,498,0,269098,7,4318,121.588487000000000,31.291734999999999,121.593783143000000,31.287713249999999
499,27,499,0,1,499,0,269345,7,5949,121.598815000000000,31.290854000000000,121.604706570999990,31.287713249999999
500,9,500,0,1,500,0,269612,7,2382,121.610239000000010,31.292529999999999,121.615630000000000,31.287713249999999
501,6,501,0,1,501,0,269868,7,870,121.621211000000000,31.282292000000002,121.626553429000000,31.287713249999999
502,7,502,0,1,502,0,270197,7,1046,121.640186000000000,31.284102000000001,121.637476857000000,31.287713249999999
503,6,503,0,1,503,0,270251,7,833,121.642498000000000,31.283687000000000,121.648400286000000,31.287713249999999
504,15,504,0,1,504,0,252227,7,5457,121.348174000000000,31.292576000000000,121.353467714000000,31.296709607099999
505,11,505,0,1,505,0,252772,7,3657,121.358825000000000,31.299274000000000,121.364391143000010,31.296709607099999
506,10,506,0,1,506,0,253318,7,5534,121.369320000000000,31.297604000000000,121.375314571000000,31.296709607099999
507,8,507,0,1,507,0,254089,7,7366,121.382136000000000,31.292217000000001,121.386238000000010,31.296709607099999
508,23,508,0,1,508,0,254843,7,7702,121.392083000000000,31.297554000000002,121.397161428999990,31.296709607099999
509,32,509,0,1,509,0,255805,7,9183,121.402610999999990,31.295072999999999,121.408084857000010,31.296709607099999
510,18,510,0,1,510,0,256728,7,6003,121.413486000000010,31.296491000000000,121.419008285999990,31.296709607099999
511,38,511,0,1,511,0,257752,7,13871,121.424156999999990,31.299551000000001,121.429931714000010,31.296709607099999
512,56,512,0,1,512,0,258825,7,14537,121.434549000000000,31.296491000000000,121.440855142999990,31.296709607099999
513,31,513,0,1,513,0,259957,7,9059,121.445351000000000,31.298452999999999,121.451778571000010,31.296709607099999
514,40,514,0,1,514,0,261154,7,20930,121.456315000000000,31.295998000000001,121.462701999999990,31.296709607099999
515,42,515,0,1,515,0,262044,7,33733,121.467280000000000,31.299301000000000,121.473625428999990,31.296709607099999
516,77,516,0,1,516,0,263044,7,21299,121.478392000000000,31.292639000000001,121.484548856999990,31.296709607099999
517,58,517,0,1,517,0,264101,7,17428,121.489079000000000,31.292280000000002,121.495472285999990,31.296709607099999
518,78,518,0,1,518,0,264979,7,25122,121.500030000000000,31.297916000000001,121.506395714000010,31.296709607099999
519,63,519,0,1,519,0,265772,7,13340,121.511115000000000,31.301697000000001,121.517319142999990,31.296709607099999
520,39,520,0,1,520,0,266541,7,18153,121.522127000000000,31.302026999999999,121.528242571000010,31.296709607099999
521,38,521,0,1,521,0,267173,7,21112,121.533410000000000,31.291722000000000,121.539165999999990,31.296709607099999
522,29,522,0,1,522,0,267648,7,13100,121.544963999999990,31.292390000000001,121.550089429000000,31.296709607099999
523,6,523,0,1,523,0,268099,7,753,121.557864000000000,31.295712999999999,121.561012856999990,31.296709607099999
524,24,524,0,1,524,0,268364,7,4053,121.566244000000000,31.300030000000000,121.571936286000000,31.296709607099999
525,17,525,0,1,525,0,268775,7,4370,121.578638000000000,31.292901000000001,121.582859713999990,31.296709607099999
526,2,526,0,1,526,0,269098,7,1861,121.588487000000000,31.291734999999999,121.593783143000000,31.296709607099999
527,20,527,0,1,527,0,269358,7,5775,121.599486000000000,31.292724000000000,121.604706570999990,31.296709607099999
528,15,528,0,1,528,0,269612,7,2741,121.610239000000010,31.292529999999999,121.615630000000000,31.296709607099999
529,8,529,0,1,529,0,269897,7,1257,121.623154000000000,31.299707999999999,121.626553429000000,31.296709607099999
530,10,530,0,1,530,0,270124,7,1440,121.636276000000000,31.294371000000002,121.637476857000000,31.296709607099999
531,2,531,0,1,531,0,270306,7,160,121.645701000000000,31.299281000000001,121.648400286000000,31.296709607099999
532,12,532,0,1,532,0,252293,7,2740,121.349686000000010,31.311191000000001,121.353467714000000,31.305705964300000
533,11,533,0,1,533,0,252773,7,4192,121.358836999999990,31.310244999999998,121.364391143000010,31.305705964300000
534,3,534,0,1,534,0,253323,7,2348,121.369379000000000,31.308558999999999,121.375314571000000,31.305705964300000
535,13,535,0,1,535,0,254209,7,7578,121.383715000000000,31.309888000000001,121.386238000000010,31.305705964300000
536,24,536,0,1,536,0,254824,7,13890,121.391872000000010,31.302237000000002,121.397161428999990,31.305705964300000
537,31,537,0,1,537,0,255823,7,16227,121.402806000000000,31.305145000000000,121.408084857000010,31.305705964300000
538,15,538,0,1,538,0,256681,7,7342,121.413028999999990,31.304205000000000,121.419008285999990,31.305705964300000
539,23,539,0,1,539,0,257794,7,13537,121.424625000000010,31.305375000000002,121.429931714000010,31.305705964300000
540,38,540,0,1,540,0,258884,7,19443,121.435057000000000,31.306999999999999,121.440855142999990,31.305705964300000
541,16,541,0,1,541,0,259980,7,6301,121.445569000000010,31.307293000000001,121.451778571000010,31.305705964300000
542,38,542,0,1,542,0,261151,7,14322,121.456301999999990,31.311100000000000,121.462701999999990,31.305705964300000
543,46,543,0,1,543,0,262050,7,16919,121.467372999999990,31.305592000000001,121.473625428999990,31.305705964300000
544,54,544,0,1,544,0,263018,7,30278,121.478194000000000,31.305084000000001,121.484548856999990,31.305705964300000
545,42,545,0,1,545,0,264151,7,21629,121.489700000000000,31.302980999999999,121.495472285999990,31.305705964300000
546,91,546,0,1,546,0,265000,7,19136,121.500350000000000,31.302083000000000,121.506395714000010,31.305705964300000
547,70,547,0,1,547,0,265755,7,17035,121.510869000000000,31.302589999999999,121.517319142999990,31.305705964300000
548,49,548,0,1,548,0,266532,7,21476,121.522000000000010,31.310411999999999,121.528242571000010,31.305705964300000
549,44,549,0,1,549,0,267133,7,12473,121.532754000000000,31.307749000000001,121.539165999999990,31.305705964300000
550,15,550,0,1,550,0,267618,7,3581,121.544239000000000,31.310476000000001,121.550089429000000,31.305705964300000
551,6,551,0,1,551,0,268110,7,2852,121.558094999999990,31.306837999999999,121.561012856999990,31.305705964300000
552,17,552,0,1,552,0,268432,7,1292,121.568150000000000,31.305513999999999,121.571936286000000,31.305705964300000
553,18,553,0,1,553,0,268716,7,2704,121.576770999999990,31.305909000000000,121.582859713999990,31.305705964300000
554,7,554,0,1,554,0,269077,7,2009,121.587457000000000,31.302651999999998,121.593783143000000,31.305705964300000
555,27,555,0,1,555,0,269368,7,3549,121.600067000000000,31.306224000000000,121.604706570999990,31.305705964300000
556,16,556,0,1,556,0,269611,7,2435,121.610218000000000,31.310061000000001,121.615630000000000,31.305705964300000
557,11,557,0,1,557,0,269873,7,3617,121.621495000000000,31.309840000000001,121.626553429000000,31.305705964300000
558,9,558,0,1,558,0,270057,7,1614,121.632227000000000,31.303203000000000,121.637476857000000,31.305705964300000
559,7,559,0,1,559,0,270293,7,1585,121.644847000000000,31.305185999999999,121.648400286000000,31.305705964300000
560,14,560,0,1,560,0,252225,7,4537,121.348089000000000,31.312201999999999,121.353467714000000,31.314702321399999
561,8,561,0,1,561,0,252725,7,4251,121.357934000000000,31.316600999999999,121.364391143000010,31.314702321399999
562,27,562,0,1,562,0,253383,7,13548,121.370606000000000,31.315951999999999,121.375314571000000,31.314702321399999
563,48,563,0,1,563,0,253953,7,14778,121.380131000000010,31.317104000000000,121.386238000000010,31.314702321399999
564,33,564,0,1,564,0,254722,7,12123,121.390761000000000,31.313492000000000,121.397161428999990,31.314702321399999
565,18,565,0,1,565,0,255825,7,7678,121.402823000000000,31.311418000000000,121.408084857000010,31.314702321399999
566,6,566,0,1,566,0,256769,7,1437,121.413881000000000,31.319102000000001,121.419008285999990,31.314702321399999
567,25,567,0,1,567,0,257678,7,15988,121.423495000000000,31.313637000000000,121.429931714000010,31.314702321399999
568,56,568,0,1,568,0,258816,7,47720,121.434398000000000,31.316088000000001,121.440855142999990,31.314702321399999
569,42,569,0,1,569,0,259982,7,28692,121.445580000000010,31.311554999999998,121.451778571000010,31.314702321399999
570,34,570,0,1,570,0,261151,7,9517,121.456301999999990,31.311100000000000,121.462701999999990,31.314702321399999
571,23,571,0,1,571,0,262155,7,7344,121.468889000000000,31.315175000000000,121.473625428999990,31.314702321399999
572,38,572,0,1,572,0,263065,7,36170,121.478651000000000,31.311468999999999,121.484548856999990,31.314702321399999
573,23,573,0,1,573,0,264111,7,12767,121.489209000000000,31.312443999999999,121.495472285999990,31.314702321399999
574,23,574,0,1,574,0,265001,7,8127,121.500361000000000,31.319913000000000,121.506395714000010,31.314702321399999
575,51,575,0,1,575,0,265761,7,19788,121.510946000000000,31.319604000000002,121.517319142999990,31.314702321399999
576,47,576,0,1,576,0,266532,7,22055,121.522000000000010,31.310411999999999,121.528242571000010,31.314702321399999
577,26,577,0,1,577,0,267172,7,12333,121.533400000000000,31.316510000000001,121.539165999999990,31.314702321399999
578,12,578,0,1,578,0,267618,7,3078,121.544239000000000,31.310476000000001,121.550089429000000,31.314702321399999
579,10,579,0,1,579,0,268000,7,1971,121.554739000000000,31.315909000000001,121.561012856999990,31.314702321399999
580,19,580,0,1,580,0,268363,7,610,121.566188999999990,31.318287999999999,121.571936286000000,31.314702321399999
581,13,581,0,1,581,0,268742,7,1705,121.577400999999990,31.318069000000001,121.582859713999990,31.314702321399999
582,6,582,0,1,582,0,269120,7,829,121.589312000000010,31.314402999999999,121.593783143000000,31.314702321399999
583,19,583,0,1,583,0,269383,7,1001,121.600489000000000,31.315099000000000,121.604706570999990,31.314702321399999
584,23,584,0,1,584,0,269578,7,2524,121.609168999999990,31.315218999999999,121.615630000000000,31.314702321399999
585,15,585,0,1,585,0,269840,7,3204,121.620349000000000,31.312068000000000,121.626553429000000,31.314702321399999
586,13,586,0,1,586,0,270040,7,2608,121.631056000000000,31.311349000000000,121.637476857000000,31.314702321399999
587,1,587,0,1,587,0,276246,7,44,121.653435000000000,31.317219999999999,121.648400286000000,31.314702321399999
588,9,588,0,1,588,0,252307,7,2518,121.350071000000000,31.324062999999999,121.353467714000000,31.323698678600000
589,9,589,0,1,589,0,252769,7,1355,121.358770000000010,31.326774000000000,121.364391143000010,31.323698678600000
590,15,590,0,1,590,0,253400,7,4344,121.370907000000000,31.319922999999999,121.375314571000000,31.323698678600000
591,41,591,0,1,591,0,254032,7,12417,121.381296000000010,31.327629999999999,121.386238000000010,31.323698678600000
592,33,592,0,1,592,0,254740,7,6762,121.390981000000000,31.318417000000000,121.397161428999990,31.323698678600000
593,17,593,0,1,593,0,255772,7,2843,121.402358000000010,31.326981000000000,121.408084857000010,31.323698678600000
594,10,594,0,1,594,0,256769,7,2551,121.413881000000000,31.319102000000001,121.419008285999990,31.323698678600000
595,40,595,0,1,595,0,257766,7,14353,121.424317000000000,31.321400000000001,121.429931714000010,31.323698678600000
596,55,596,0,1,596,0,258817,7,20302,121.434414000000000,31.320053000000001,121.440855142999990,31.323698678600000
597,25,597,0,1,597,0,259998,7,18196,121.445717000000000,31.326922000000000,121.451778571000010,31.323698678600000
598,28,598,0,1,598,0,261355,7,8440,121.458470000000010,31.327228999999999,121.462701999999990,31.323698678600000
599,38,599,0,1,599,0,262051,7,12627,121.467378999999990,31.321698000000001,121.473625428999990,31.323698678600000
600,31,600,0,1,600,0,263010,7,14433,121.478129999999990,31.322994999999999,121.484548856999990,31.323698678600000
601,12,601,0,1,601,0,264115,7,5199,121.489238000000000,31.322547000000000,121.495472285999990,31.323698678600000
602,20,602,0,1,602,0,265001,7,3528,121.500361000000000,31.319913000000000,121.506395714000010,31.323698678600000
603,28,603,0,1,603,0,265761,7,11304,121.510946000000000,31.319604000000002,121.517319142999990,31.323698678600000
604,48,604,0,1,604,0,266540,7,28067,121.522122000000000,31.323115000000001,121.528242571000010,31.323698678600000
605,25,605,0,1,605,0,267134,7,13942,121.532756000000010,31.321549000000001,121.539165999999990,31.323698678600000
606,11,606,0,1,606,0,267692,7,2785,121.546169000000010,31.326273000000000,121.550089429000000,31.323698678600000
607,12,607,0,1,607,0,268202,7,991,121.561254000000010,31.320218000000001,121.561012856999990,31.323698678600000
608,17,608,0,1,608,0,268342,7,1332,121.565715000000000,31.328755999999998,121.571936286000000,31.323698678600000
609,28,609,0,1,609,0,268797,7,2806,121.579445000000010,31.325246000000000,121.582859713999990,31.323698678600000
610,19,610,0,1,610,0,269075,7,3024,121.587368000000000,31.327373999999999,121.593783143000000,31.323698678600000
611,31,611,0,1,611,0,269394,7,1165,121.600948000000000,31.320588999999998,121.604706570999990,31.323698678600000
612,23,612,0,1,612,0,269582,7,1646,121.609337000000000,31.326747999999998,121.615630000000000,31.323698678600000
613,16,613,0,1,613,0,269875,7,2423,121.621592000000010,31.318352999999998,121.626553429000000,31.323698678600000
614,9,614,0,1,614,0,270053,7,1137,121.631895000000000,31.320982999999998,121.637476857000000,31.323698678600000
615,11,615,0,1,615,0,270274,7,1138,121.643441999999990,31.323955999999999,121.648400286000000,31.323698678600000
616,10,616,0,1,616,0,252395,7,1367,121.351254000000000,31.330950999999999,121.353467714000000,31.332695035699999
617,13,617,0,1,617,0,252737,7,2403,121.358144999999990,31.332394000000001,121.364391143000010,31.332695035699999
618,12,618,0,1,618,0,253409,7,2263,121.370981000000000,31.330994000000000,121.375314571000000,31.332695035699999
619,15,619,0,1,619,0,254032,7,3970,121.381296000000010,31.327629999999999,121.386238000000010,31.332695035699999
620,33,620,0,1,620,0,254882,7,6135,121.392461999999990,31.333320000000001,121.397161428999990,31.332695035699999
621,17,621,0,1,621,0,255732,7,3815,121.401875000000000,31.333603000000000,121.408084857000010,31.332695035699999
622,14,622,0,1,622,0,256647,7,3972,121.412676000000000,31.334294000000000,121.419008285999990,31.332695035699999
623,31,623,0,1,623,0,257747,7,11722,121.424117000000000,31.330138999999999,121.429931714000010,31.332695035699999
624,44,624,0,1,624,0,258859,7,19319,121.434826000000000,31.327271000000000,121.440855142999990,31.332695035699999
625,39,625,0,1,625,0,259999,7,20707,121.445732000000010,31.335722000000001,121.451778571000010,31.332695035699999
626,24,626,0,1,626,0,261147,7,10268,121.456267999999990,31.330494000000002,121.462701999999990,31.332695035699999
627,23,627,0,1,627,0,262183,7,11100,121.469153000000010,31.337043000000001,121.473625428999990,31.332695035699999
628,29,628,0,1,628,0,263007,7,12232,121.478122000000000,31.334678000000000,121.484548856999990,31.332695035699999
629,15,629,0,1,629,0,264137,7,3046,121.489491000000000,31.329840000000001,121.495472285999990,31.332695035699999
630,28,630,0,1,630,0,265238,7,3328,121.503297000000000,31.333030000000001,121.506395714000010,31.332695035699999
631,23,631,0,1,631,0,265765,7,6487,121.511052000000010,31.331251999999999,121.517319142999990,31.332695035699999
632,32,632,0,1,632,0,266526,7,19622,121.521917000000000,31.330535999999999,121.528242571000010,31.332695035699999
633,20,633,0,1,633,0,267163,7,11581,121.533300000000000,31.336158999999999,121.539165999999990,31.332695035699999
634,10,634,0,1,634,0,267634,7,2408,121.544569000000000,31.333908000000001,121.550089429000000,31.332695035699999
635,14,635,0,1,635,0,268093,7,1267,121.557705000000000,31.333093999999999,121.561012856999990,31.332695035699999
636,27,636,0,1,636,0,268342,7,2322,121.565715000000000,31.328755999999998,121.571936286000000,31.332695035699999
637,29,637,0,1,637,0,268744,7,4911,121.577416000000000,31.336798999999999,121.582859713999990,31.332695035699999
638,38,638,0,1,638,0,269075,7,4300,121.587368000000000,31.327373999999999,121.593783143000000,31.332695035699999
639,22,639,0,1,639,0,269347,7,1157,121.598964000000000,31.334361000000001,121.604706570999990,31.332695035699999
640,18,640,0,1,640,0,269594,7,2975,121.609727000000010,31.327570000000001,121.615630000000000,31.332695035699999
641,5,641,0,1,641,0,269857,7,633,121.620952000000000,31.331265999999999,121.626553429000000,31.332695035699999
642,9,642,0,1,642,0,270051,7,1695,121.631778000000000,31.337492000000001,121.637476857000000,31.332695035699999
643,2,643,0,1,643,0,270325,7,94,121.646995000000000,31.332978000000001,121.648400286000000,31.332695035699999
644,5,644,0,1,644,0,252478,7,847,121.353070000000000,31.346826000000000,121.353467714000000,31.341691392900000
645,13,645,0,1,645,0,252754,7,4987,121.358431000000000,31.344194999999999,121.364391143000010,31.341691392900000
646,10,646,0,1,646,0,253395,7,3515,121.370833000000000,31.346468000000002,121.375314571000000,31.341691392900000
647,16,647,0,1,647,0,254098,7,7340,121.382205000000000,31.343706999999998,121.386238000000010,31.341691392900000
648,18,648,0,1,648,0,254888,7,5385,121.392546999999990,31.345071000000001,121.397161428999990,31.341691392900000
649,9,649,0,1,649,0,255723,7,3493,121.401736000000000,31.339247000000000,121.408084857000010,31.341691392900000
650,13,650,0,1,650,0,256658,7,3656,121.412799000000010,31.341470000000001,121.419008285999990,31.341691392900000
651,25,651,0,1,651,0,257863,7,8063,121.425269000000000,31.347156999999999,121.429931714000010,31.341691392900000
652,29,652,0,1,652,0,258847,7,17480,121.434707000000000,31.342921000000000,121.440855142999990,31.341691392900000
653,34,653,0,1,653,0,260040,7,15553,121.446062000000000,31.341739000000000,121.451778571000010,31.341691392900000
654,13,654,0,1,654,0,261471,7,2232,121.459946000000000,31.345521000000002,121.462701999999990,31.341691392900000
655,39,655,0,1,655,0,262110,7,9640,121.468200000000000,31.342120999999999,121.473625428999990,31.341691392900000
656,38,656,0,1,656,0,263019,7,13265,121.478202999999990,31.344427000000000,121.484548856999990,31.341691392900000
657,25,657,0,1,657,0,264179,7,8572,121.490044000000000,31.344004000000002,121.495472285999990,31.341691392900000
658,13,658,0,1,658,0,265015,7,2724,121.500476000000010,31.342151999999999,121.506395714000010,31.341691392900000
659,13,659,0,1,659,0,265798,7,4336,121.511449000000000,31.346354999999999,121.517319142999990,31.341691392900000
660,14,660,0,1,660,0,266552,7,3978,121.522328000000000,31.342435999999999,121.528242571000010,31.341691392900000
661,5,661,0,1,661,0,267402,7,1805,121.538234000000000,31.336907000000000,121.539165999999990,31.341691392900000
662,4,662,0,1,662,0,267950,7,183,121.553314000000000,31.343257999999999,121.550089429000000,31.341691392900000
663,19,663,0,1,663,0,268027,7,2840,121.555486000000000,31.343648000000002,121.561012856999990,31.341691392900000
664,49,664,0,1,664,0,268356,7,9001,121.565950000000000,31.342051000000001,121.571936286000000,31.341691392900000
665,53,665,0,1,665,0,268710,7,6880,121.576587000000000,31.346861000000001,121.582859713999990,31.341691392900000
666,39,666,0,1,666,0,269074,7,2689,121.587360000000000,31.341256000000001,121.593783143000000,31.341691392900000
667,15,667,0,1,667,0,269339,7,1032,121.598271999999990,31.346087000000001,121.604706570999990,31.341691392900000
668,7,668,0,1,668,0,269580,7,729,121.609294000000010,31.340937000000000,121.615630000000000,31.341691392900000
669,2,669,0,1,669,0,270005,7,649,121.629233000000000,31.344327000000000,121.626553429000000,31.341691392900000
670,4,670,0,1,670,0,270051,7,1534,121.631778000000000,31.337492000000001,121.637476857000000,31.341691392900000
671,0,671,0,1,671,0,0,0,0,0.000000000000000,0.000000000000000,121.648400286000000,31.341691392900000
672,25,672,0,1,672,0,252243,7,6462,121.348622000000010,31.349402999999999,121.353467714000000,31.350687749999999
673,35,673,0,1,673,0,252774,7,9979,121.358911000000010,31.351331999999999,121.364391143000010,31.350687749999999
674,23,674,0,1,674,0,253374,7,7193,121.370425000000000,31.354808999999999,121.375314571000000,31.350687749999999
675,19,675,0,1,675,0,253991,7,8000,121.380641999999990,31.350543999999999,121.386238000000010,31.350687749999999
676,26,676,0,1,676,0,254754,7,8801,121.391111000000000,31.352630000000001,121.397161428999990,31.350687749999999
677,17,677,0,1,677,0,255795,7,5319,121.402530000000000,31.352134000000000,121.408084857000010,31.350687749999999
678,24,678,0,1,678,0,256708,7,5571,121.413279000000000,31.353718000000001,121.419008285999990,31.350687749999999
679,39,679,0,1,679,0,257718,7,7889,121.423882000000010,31.355530999999999,121.429931714000010,31.350687749999999
680,12,680,0,1,680,0,258820,7,1725,121.434458000000010,31.349705000000000,121.440855142999990,31.350687749999999
681,12,681,0,1,681,0,260165,7,4448,121.447333000000000,31.355737999999999,121.451778571000010,31.350687749999999
682,9,682,0,1,682,0,261177,7,2287,121.456537000000000,31.352737000000001,121.462701999999990,31.350687749999999
683,15,683,0,1,683,0,262095,7,3125,121.467994000000000,31.351749999999999,121.473625428999990,31.350687749999999
684,21,684,0,1,684,0,263134,7,7326,121.479215999999990,31.348666000000001,121.484548856999990,31.350687749999999
685,21,685,0,1,685,0,264231,7,10503,121.490656000000000,31.345538999999999,121.495472285999990,31.350687749999999
686,8,686,0,1,686,0,265021,7,2464,121.500622000000010,31.350594999999998,121.506395714000010,31.350687749999999
687,6,687,0,1,687,0,265798,7,1411,121.511449000000000,31.346354999999999,121.517319142999990,31.350687749999999
688,9,688,0,1,688,0,266554,7,675,121.522339000000000,31.351997000000001,121.528242571000010,31.350687749999999
689,14,689,0,1,689,0,267166,7,1213,121.533354000000000,31.351717000000001,121.539165999999990,31.350687749999999
690,14,690,0,1,690,0,267617,7,1480,121.544231999999990,31.353005000000000,121.550089429000000,31.350687749999999
691,24,691,0,1,691,0,267998,7,4166,121.554598000000000,31.355696999999999,121.561012856999990,31.350687749999999
692,45,692,0,1,692,0,268401,7,6717,121.567321000000010,31.347863000000000,121.571936286000000,31.350687749999999
693,42,693,0,1,693,0,268710,7,3001,121.576587000000000,31.346861000000001,121.582859713999990,31.350687749999999
694,16,694,0,1,694,0,269114,7,595,121.589100000000000,31.346498000000000,121.593783143000000,31.350687749999999
695,3,695,0,1,695,0,269339,7,55,121.598271999999990,31.346087000000001,121.604706570999990,31.350687749999999
696,3,696,0,1,696,0,269656,7,241,121.612235000000000,31.353356000000002,121.615630000000000,31.350687749999999
697,0,697,0,1,697,0,0,0,0,0.000000000000000,0.000000000000000,121.626553429000000,31.350687749999999
698,0,698,0,1,698,0,0,0,0,0.000000000000000,0.000000000000000,121.637476857000000,31.350687749999999
699,0,699,0,1,699,0,0,0,0,0.000000000000000,0.000000000000000,121.648400286000000,31.350687749999999
700,11,700,0,1,700,0,252360,7,5611,121.350853000000000,31.358239000000001,121.353467714000000,31.359684107100001
701,23,701,0,1,701,0,252798,7,7995,121.359437000000000,31.354702000000000,121.364391143000010,31.359684107100001
702,17,702,0,1,702,0,253321,7,5510,121.369333999999990,31.364411000000000,121.375314571000000,31.359684107100001
703,12,703,0,1,703,0,254309,7,6185,121.385166000000000,31.356673000000001,121.386238000000010,31.359684107100001
704,10,704,0,1,704,0,254858,7,4907,121.392180000000000,31.359691999999999,121.397161428999990,31.359684107100001
705,16,705,0,1,705,0,255741,7,7744,121.401988000000000,31.363443000000000,121.408084857000010,31.359684107100001
706,18,706,0,1,706,0,257000,7,4195,121.416487000000000,31.356831000000000,121.419008285999990,31.359684107100001
707,30,707,0,1,707,0,257679,7,8177,121.423508000000000,31.357462000000002,121.429931714000010,31.359684107100001
708,18,708,0,1,708,0,259028,7,6453,121.436381999999990,31.364191999999999,121.440855142999990,31.359684107100001
709,16,709,0,1,709,0,259958,7,5040,121.445359999999990,31.361802999999998,121.451778571000010,31.359684107100001
710,10,710,0,1,710,0,261490,7,346,121.460325000000000,31.361446999999998,121.462701999999990,31.359684107100001
711,5,711,0,1,711,0,262449,7,483,121.472085000000010,31.357254000000001,121.473625428999990,31.359684107100001
712,10,712,0,1,712,0,263023,7,3401,121.478224999999990,31.364521000000000,121.484548856999990,31.359684107100001
713,16,713,0,1,713,0,264121,7,6330,121.489313000000000,31.364021000000001,121.495472285999990,31.359684107100001
714,1,714,0,1,714,0,265610,7,209,121.508754999999990,31.361974000000000,121.506395714000010,31.359684107100001
715,4,715,0,1,715,0,266027,7,547,121.514639000000000,31.358217000000000,121.517319142999990,31.359684107100001
716,6,716,0,1,716,0,266520,7,413,121.521821000000000,31.356542000000001,121.528242571000010,31.359684107100001
717,7,717,0,1,717,0,267248,7,856,121.534865999999990,31.359095000000000,121.539165999999990,31.359684107100001
718,12,718,0,1,718,0,267754,7,977,121.547813000000000,31.364716999999999,121.550089429000000,31.359684107100001
719,8,719,0,1,719,0,267998,7,946,121.554598000000000,31.355696999999999,121.561012856999990,31.359684107100001
720,18,720,0,1,720,0,268393,7,916,121.566969000000000,31.363453000000000,121.571936286000000,31.359684107100001
721,15,721,0,1,721,0,268752,7,1064,121.577641000000000,31.354289999999999,121.582859713999990,31.359684107100001
722,2,722,0,1,722,0,276008,7,111,121.597010999999990,31.360590999999999,121.593783143000000,31.359684107100001
723,2,723,0,1,723,0,278234,7,163,121.603727000000010,31.358073999999998,121.604706570999990,31.359684107100001
724,1,724,0,1,724,0,269883,7,71,121.621979000000000,31.362107999999999,121.615630000000000,31.359684107100001
725,1,725,0,1,725,0,269883,7,71,121.621979000000000,31.362107999999999,121.626553429000000,31.359684107100001
726,0,726,0,1,726,0,0,0,0,0.000000000000000,0.000000000000000,121.637476857000000,31.359684107100001
727,0,727,0,1,727,0,0,0,0,0.000000000000000,0.000000000000000,121.648400286000000,31.359684107100001
728,9,728,0,1,728,0,252267,7,3506,121.349052000000000,31.366112000000001,121.353467714000000,31.368680464299999
729,14,729,0,1,729,0,252764,7,4354,121.358665000000000,31.366429000000000,121.364391143000010,31.368680464299999
730,8,730,0,1,730,0,253321,7,2142,121.369333999999990,31.364411000000000,121.375314571000000,31.368680464299999
731,8,731,0,1,731,0,253945,7,1312,121.380021000000000,31.365583000000001,121.386238000000010,31.368680464299999
732,12,732,0,1,732,0,254852,7,3718,121.392124000000000,31.372237999999999,121.397161428999990,31.368680464299999
733,15,733,0,1,733,0,255715,7,6402,121.401644000000000,31.367208000000002,121.408084857000010,31.368680464299999
734,10,734,0,1,734,0,256801,7,5635,121.414347000000010,31.368048999999999,121.419008285999990,31.368680464299999
735,31,735,0,1,735,0,257836,7,13747,121.425025000000010,31.372907000000001,121.429931714000010,31.368680464299999
736,19,736,0,1,736,0,258900,7,8136,121.435253000000000,31.370139999999999,121.440855142999990,31.368680464299999
737,14,737,0,1,737,0,260007,7,4129,121.445773000000000,31.371773000000001,121.451778571000010,31.368680464299999
738,12,738,0,1,738,0,261176,7,2958,121.456517000000010,31.365781999999999,121.462701999999990,31.368680464299999
739,12,739,0,1,739,0,262065,7,3222,121.467553000000000,31.372288999999999,121.473625428999990,31.368680464299999
740,34,740,0,1,740,0,263023,7,10297,121.478224999999990,31.364521000000000,121.484548856999990,31.368680464299999
741,23,741,0,1,741,0,264105,7,9076,121.489116000000000,31.372022000000001,121.495472285999990,31.368680464299999
742,2,742,0,1,742,0,265459,7,569,121.506663000000000,31.371335999999999,121.506395714000010,31.368680464299999
743,6,743,0,1,743,0,265909,7,397,121.513153000000000,31.366430000000001,121.517319142999990,31.368680464299999
744,3,744,0,1,744,0,266981,7,386,121.529683000000010,31.373145000000001,121.528242571000010,31.368680464299999
745,9,745,0,1,745,0,267252,7,2018,121.534936000000000,31.364618000000000,121.539165999999990,31.368680464299999
746,12,746,0,1,746,0,267638,7,761,121.544672000000010,31.365966000000000,121.550089429000000,31.368680464299999
747,10,747,0,1,747,0,268073,7,524,121.557107000000000,31.366876999999999,121.561012856999990,31.368680464299999
748,3,748,0,1,748,0,268393,7,77,121.566969000000000,31.363453000000000,121.571936286000000,31.368680464299999
749,7,749,0,1,749,0,268766,7,327,121.578199000000000,31.363216999999999,121.582859713999990,31.368680464299999
750,1,750,0,1,750,0,269160,7,110,121.591023000000010,31.368501999999999,121.593783143000000,31.368680464299999
751,0,751,0,1,751,0,0,0,0,0.000000000000000,0.000000000000000,121.604706570999990,31.368680464299999
752,0,752,0,1,752,0,0,0,0,0.000000000000000,0.000000000000000,121.615630000000000,31.368680464299999
753,0,753,0,1,753,0,0,0,0,0.000000000000000,0.000000000000000,121.626553429000000,31.368680464299999
754,0,754,0,1,754,0,0,0,0,0.000000000000000,0.000000000000000,121.637476857000000,31.368680464299999
755,0,755,0,1,755,0,0,0,0,0.000000000000000,0.000000000000000,121.648400286000000,31.368680464299999
756,8,756,0,1,756,0,252271,7,1484,121.349110999999990,31.382093999999999,121.353467714000000,31.377676821400001
757,8,757,0,1,757,0,252781,7,2053,121.359014000000000,31.379280000000001,121.364391143000010,31.377676821400001
758,3,758,0,1,758,0,253339,7,916,121.369664000000000,31.373843999999998,121.375314571000000,31.377676821400001
759,7,759,0,1,759,0,253963,7,1940,121.380277000000010,31.372722000000000,121.386238000000010,31.377676821400001
760,6,760,0,1,760,0,254725,7,1856,121.390784999999990,31.374797999999998,121.397161428999990,31.377676821400001
761,7,761,0,1,761,0,255764,7,3144,121.402238000000000,31.373003000000001,121.408084857000010,31.377676821400001
762,10,762,0,1,762,0,256964,7,2375,121.416143000000010,31.372271999999999,121.419008285999990,31.377676821400001
763,22,763,0,1,763,0,257836,7,7901,121.425025000000010,31.372907000000001,121.429931714000010,31.377676821400001
764,14,764,0,1,764,0,258886,7,6311,121.435084000000000,31.380168999999999,121.440855142999990,31.377676821400001
765,15,765,0,1,765,0,260068,7,3583,121.446442000000000,31.381370000000000,121.451778571000010,31.377676821400001
766,13,766,0,1,766,0,261164,7,2843,121.456434000000000,31.381914999999999,121.462701999999990,31.377676821400001
767,6,767,0,1,767,0,262065,7,1550,121.467553000000000,31.372288999999999,121.473625428999990,31.377676821400001
768,24,768,0,1,768,0,263194,7,8680,121.479834999999990,31.378941000000001,121.484548856999990,31.377676821400001
769,36,769,0,1,769,0,264106,7,6995,121.489126000000000,31.375373000000000,121.495472285999990,31.377676821400001
770,9,770,0,1,770,0,265033,7,2685,121.500707000000010,31.377314999999999,121.506395714000010,31.377676821400001
771,11,771,0,1,771,0,265771,7,1253,121.511112000000000,31.377607000000001,121.517319142999990,31.377676821400001
772,9,772,0,1,772,0,266734,7,796,121.525567000000000,31.375651999999999,121.528242571000010,31.377676821400001
773,6,773,0,1,773,0,267278,7,478,121.535304000000000,31.373725000000000,121.539165999999990,31.377676821400001
774,3,774,0,1,774,0,275628,7,179,121.546120000000000,31.379968999999999,121.550089429000000,31.377676821400001
775,2,775,0,1,775,0,275696,7,131,121.555184000000000,31.377340000000000,121.561012856999990,31.377676821400001
776,2,776,0,1,776,0,268683,7,37,121.575534000000000,31.373380999999998,121.571936286000000,31.377676821400001
777,0,777,0,1,777,0,0,0,0,0.000000000000000,0.000000000000000,121.582859713999990,31.377676821400001
778,0,778,0,1,778,0,0,0,0,0.000000000000000,0.000000000000000,121.593783143000000,31.377676821400001
779,0,779,0,1,779,0,0,0,0,0.000000000000000,0.000000000000000,121.604706570999990,31.377676821400001
780,0,780,0,1,780,0,0,0,0,0.000000000000000,0.000000000000000,121.615630000000000,31.377676821400001
781,0,781,0,1,781,0,0,0,0,0.000000000000000,0.000000000000000,121.626553429000000,31.377676821400001
782,0,782,0,1,782,0,0,0,0,0.000000000000000,0.000000000000000,121.637476857000000,31.377676821400001
783,0,783,0,1,783,0,0,0,0,0.000000000000000,0.000000000000000,121.648400286000000,31.377676821400001