FID,Join_Count,TARGET_FID,Id,Join_Cou_1,TARGET_F_1,Id_1,Field1,hour,freq,longitude,altitude,long,lat
0,13,0,0,1,0,0,325648,9,10662,121.349208000000000,31.132218999999999,121.353467714000000,31.134775178600002
1,23,1,0,1,1,0,326104,9,12098,121.358041000000000,31.137540999999999,121.364391143000010,31.134775178600002
2,27,2,0,1,2,0,326674,9,9864,121.368956999999990,31.134926000000000,121.375314571000000,31.134775178600002
3,27,3,0,1,3,0,327311,9,8061,121.379848000000000,31.139644000000001,121.386238000000010,31.134775178600002
4,38,4,0,1,4,0,328137,9,18819,121.391234000000000,31.135549999999999,121.397161428999990,31.134775178600002
5,42,5,0,1,5,0,329166,9,18654,121.402511000000000,31.138152000000002,121.408084857000010,31.134775178600002
6,43,6,0,1,6,0,330031,9,18103,121.412739000000000,31.136922999999999,121.419008285999990,31.134775178600002
7,38,7,0,1,7,0,331061,9,14661,121.423554000000000,31.134657000000001,121.429931714000010,31.134775178600002
8,25,8,0,1,8,0,332222,9,10442,121.434698000000000,31.136410000000001,121.440855142999990,31.134775178600002
9,26,9,0,1,9,0,333348,9,6403,121.445446000000000,31.139651000000001,121.451778571000010,31.134775178600002
10,4,10,0,1,10,0,335266,9,2471,121.465279000000000,31.134563000000000,121.462701999999990,31.134775178600002
11,21,11,0,1,11,0,335540,9,4598,121.468919000000000,31.138406000000000,121.473625428999990,31.134775178600002
12,21,12,0,1,12,0,336486,9,5458,121.479003000000010,31.132885000000002,121.484548856999990,31.134775178600002
13,18,13,0,1,13,0,337510,9,6408,121.489402000000000,31.133378000000000,121.495472285999990,31.134775178600002
14,12,14,0,1,14,0,338525,9,4442,121.502054000000000,31.136531000000002,121.506395714000010,31.134775178600002
15,18,15,0,1,15,0,339255,9,7869,121.512562000000000,31.137810999999999,121.517319142999990,31.134775178600002
16,10,16,0,1,16,0,339957,9,3970,121.522551000000010,31.133606000000000,121.528242571000010,31.134775178600002
17,11,17,0,1,17,0,340537,9,4607,121.533123000000000,31.132600000000000,121.539165999999990,31.134775178600002
18,11,18,0,1,18,0,341159,9,6064,121.548143999999990,31.130938000000000,121.550089429000000,31.134775178600002
19,14,19,0,1,19,0,341470,9,3034,121.557351000000000,31.137219999999999,121.561012856999990,31.134775178600002
20,20,20,0,1,20,0,341773,9,2504,121.566678000000000,31.138030000000001,121.571936286000000,31.134775178600002
21,10,21,0,1,21,0,342125,9,1787,121.577169000000000,31.131931999999999,121.582859713999990,31.134775178600002
22,8,22,0,1,22,0,342507,9,2489,121.589063000000000,31.130773999999999,121.593783143000000,31.134775178600002
23,14,23,0,1,23,0,342775,9,2559,121.600334000000000,31.138536999999999,121.604706570999990,31.134775178600002
24,35,24,0,1,24,0,342976,9,14311,121.609202000000000,31.140145000000000,121.615630000000000,31.134775178600002
25,6,25,0,1,25,0,343307,9,3657,121.623847000000000,31.133714000000001,121.626553429000000,31.134775178600002
26,1,26,0,1,26,0,343605,9,530,121.640602000000000,31.138006000000001,121.637476857000000,31.134775178600002
27,2,27,0,1,27,0,343739,9,1920,121.648467999999990,31.134027000000000,121.648400286000000,31.134775178600002
28,35,28,0,1,28,0,325618,9,15899,121.348715000000000,31.146977000000000,121.353467714000000,31.143771535700001
29,27,29,0,1,29,0,326103,9,8915,121.358027000000010,31.143583000000000,121.364391143000010,31.143771535700001
30,21,30,0,1,30,0,326715,9,10567,121.369676000000000,31.147634000000000,121.375314571000000,31.143771535700001
31,33,31,0,1,31,0,327311,9,12460,121.379848000000000,31.139644000000001,121.386238000000010,31.143771535700001
32,38,32,0,1,32,0,328120,9,16304,121.391045000000010,31.142271999999998,121.397161428999990,31.143771535700001
33,66,33,0,1,33,0,329104,9,31500,121.401782000000000,31.144473000000001,121.408084857000010,31.143771535700001
34,65,34,0,1,34,0,330025,9,18625,121.412696000000000,31.141735000000001,121.419008285999990,31.143771535700001
35,46,35,0,1,35,0,331056,9,18015,121.423514999999990,31.143833000000001,121.429931714000010,31.143771535700001
36,44,36,0,1,36,0,332210,9,12574,121.434617000000000,31.144217000000001,121.440855142999990,31.143771535700001
37,25,37,0,1,37,0,333338,9,7824,121.445363000000000,31.144055000000002,121.451778571000010,31.143771535700001
38,12,38,0,1,38,0,334553,9,2726,121.456509999999990,31.145731999999999,121.462701999999990,31.143771535700001
39,13,39,0,1,39,0,335445,9,4191,121.467555000000000,31.147251000000001,121.473625428999990,31.143771535700001
40,31,40,0,1,40,0,336396,9,8314,121.478190000000000,31.149249999999999,121.484548856999990,31.143771535700001
41,28,41,0,1,41,0,337486,9,11883,121.489081000000000,31.147058999999999,121.495472285999990,31.143771535700001
42,16,42,0,1,42,0,338484,9,10796,121.501557000000010,31.144050000000000,121.506395714000010,31.143771535700001
43,26,43,0,1,43,0,339146,9,9897,121.510943999999990,31.143612000000001,121.517319142999990,31.143771535700001
44,24,44,0,1,44,0,339917,9,5220,121.521984000000000,31.141300000000001,121.528242571000010,31.143771535700001
45,12,45,0,1,45,0,340571,9,2598,121.533648000000000,31.141047000000000,121.539165999999990,31.143771535700001
46,18,46,0,1,46,0,340991,9,4927,121.543696000000000,31.148285000000001,121.550089429000000,31.143771535700001
47,20,47,0,1,47,0,341402,9,3361,121.555259000000010,31.148157000000001,121.561012856999990,31.143771535700001
48,12,48,0,1,48,0,341750,9,2027,121.565979000000000,31.146111000000001,121.571936286000000,31.143771535700001
49,9,49,0,1,49,0,342131,9,835,121.577336000000000,31.148315000000000,121.582859713999990,31.143771535700001
50,6,50,0,1,50,0,342494,9,1269,121.588530000000010,31.144810000000000,121.593783143000000,31.143771535700001
51,19,51,0,1,51,0,342771,9,5062,121.600235000000000,31.142835000000002,121.604706570999990,31.143771535700001
52,33,52,0,1,52,0,342976,9,9511,121.609202000000000,31.140145000000000,121.615630000000000,31.143771535700001
53,10,53,0,1,53,0,343263,9,2967,121.621200000000000,31.149145999999998,121.626553429000000,31.143771535700001
54,3,54,0,1,54,0,343449,9,1512,121.631825000000010,31.142721000000002,121.637476857000000,31.143771535700001
55,2,55,0,1,55,0,343695,9,1909,121.645218000000000,31.146868000000001,121.648400286000000,31.143771535700001
56,29,56,0,1,56,0,325604,9,15786,121.348273000000010,31.152069000000001,121.353467714000000,31.152767892899998
57,33,57,0,1,57,0,326138,9,15174,121.358694000000000,31.151637000000001,121.364391143000010,31.152767892899998
58,31,58,0,1,58,0,326697,9,16198,121.369387000000000,31.158086000000001,121.375314571000000,31.152767892899998
59,24,59,0,1,59,0,327321,9,11858,121.380056999999990,31.154333000000001,121.386238000000010,31.152767892899998
60,38,60,0,1,60,0,328135,9,11223,121.391187000000000,31.150359999999999,121.397161428999990,31.152767892899998
61,77,61,0,1,61,0,329128,9,12918,121.402103999999990,31.148309999999999,121.408084857000010,31.152767892899998
62,84,62,0,1,62,0,330026,9,16191,121.412701000000000,31.157708000000000,121.419008285999990,31.152767892899998
63,88,63,0,1,63,0,331062,9,17165,121.423556000000000,31.157465999999999,121.429931714000010,31.152767892899998
64,40,64,0,1,64,0,332315,9,9121,121.435561000000010,31.157201000000001,121.440855142999990,31.152767892899998
65,28,65,0,1,65,0,333387,9,7152,121.445778000000000,31.158035999999999,121.451778571000010,31.152767892899998
66,4,66,0,1,66,0,334853,9,855,121.459995000000010,31.152466000000000,121.462701999999990,31.152767892899998
67,12,67,0,1,67,0,335680,9,2435,121.470460000000000,31.148012000000001,121.473625428999990,31.152767892899998
68,35,68,0,1,68,0,336396,9,8705,121.478190000000000,31.149249999999999,121.484548856999990,31.152767892899998
69,51,69,0,1,69,0,337533,9,15218,121.489666000000000,31.150342999999999,121.495472285999990,31.152767892899998
70,39,70,0,1,70,0,338391,9,12978,121.500414000000010,31.155334000000000,121.506395714000010,31.152767892899998
71,33,71,0,1,71,0,339189,9,9318,121.511527000000000,31.151987999999999,121.517319142999990,31.152767892899998
72,22,72,0,1,72,0,339910,9,9622,121.521829999999990,31.150735000000001,121.528242571000010,31.152767892899998
73,15,73,0,1,73,0,340530,9,2892,121.532955000000000,31.152296000000000,121.539165999999990,31.152767892899998
74,14,74,0,1,74,0,340991,9,2549,121.543696000000000,31.148285000000001,121.550089429000000,31.152767892899998
75,23,75,0,1,75,0,341402,9,4768,121.555259000000010,31.148157000000001,121.561012856999990,31.152767892899998
76,22,76,0,1,76,0,341734,9,2789,121.565673000000000,31.152585999999999,121.571936286000000,31.152767892899998
77,25,77,0,1,77,0,342131,9,3508,121.577336000000000,31.148315000000000,121.582859713999990,31.152767892899998
78,8,78,0,1,78,0,342478,9,2064,121.587875000000000,31.156915000000001,121.593783143000000,31.152767892899998
79,9,79,0,1,79,0,342736,9,2069,121.598393000000000,31.151484000000000,121.604706570999990,31.152767892899998
80,14,80,0,1,80,0,343004,9,1836,121.610080000000000,31.154101000000001,121.615630000000000,31.152767892899998
81,10,81,0,1,81,0,343232,9,1226,121.620131000000000,31.152297999999998,121.626553429000000,31.152767892899998
82,5,82,0,1,82,0,343472,9,479,121.633036000000000,31.156611000000002,121.637476857000000,31.152767892899998
83,3,83,0,1,83,0,343679,9,243,121.643882000000000,31.152282000000000,121.648400286000000,31.152767892899998
84,19,84,0,1,84,0,325607,9,10719,121.348378999999990,31.160370000000000,121.353467714000000,31.161764250000001
85,38,85,0,1,85,0,326134,9,14561,121.358644000000000,31.159061000000001,121.364391143000010,31.161764250000001
86,42,86,0,1,86,0,326697,9,15273,121.369387000000000,31.158086000000001,121.375314571000000,31.161764250000001
87,34,87,0,1,87,0,327334,9,18348,121.380253000000000,31.159161999999998,121.386238000000010,31.161764250000001
88,73,88,0,1,88,0,328101,9,32322,121.390817000000000,31.161733999999999,121.397161428999990,31.161764250000001
89,60,89,0,1,89,0,329089,9,17251,121.401628000000000,31.165709000000000,121.408084857000010,31.161764250000001
90,79,90,0,1,90,0,330026,9,21365,121.412701000000000,31.157708000000000,121.419008285999990,31.161764250000001
91,60,91,0,1,91,0,331062,9,19831,121.423556000000000,31.157465999999999,121.429931714000010,31.161764250000001
92,47,92,0,1,92,0,332216,9,11466,121.434651000000000,31.166509000000001,121.440855142999990,31.161764250000001
93,30,93,0,1,93,0,333387,9,7412,121.445778000000000,31.158035999999999,121.451778571000010,31.161764250000001
94,10,94,0,1,94,0,334541,9,736,121.456402999999990,31.165648999999998,121.462701999999990,31.161764250000001
95,24,95,0,1,95,0,335510,9,3610,121.468411000000000,31.159607999999999,121.473625428999990,31.161764250000001
96,23,96,0,1,96,0,336388,9,7838,121.478128000000000,31.162811999999999,121.484548856999990,31.161764250000001
97,54,97,0,1,97,0,337559,9,16172,121.490018000000010,31.163105999999999,121.495472285999990,31.161764250000001
98,31,98,0,1,98,0,338386,9,8723,121.500365000000000,31.161721000000000,121.506395714000010,31.161764250000001
99,31,99,0,1,99,0,339177,9,13038,121.511398000000000,31.163253000000001,121.517319142999990,31.161764250000001
100,31,100,0,1,100,0,339916,9,9366,121.521949000000010,31.158173000000001,121.528242571000010,31.161764250000001
101,8,101,0,1,101,0,340629,9,2335,121.534737000000010,31.159147999999998,121.539165999999990,31.161764250000001
102,16,102,0,1,102,0,341016,9,3295,121.544405000000000,31.163025999999999,121.550089429000000,31.161764250000001
103,34,103,0,1,103,0,341397,9,6705,121.555110000000000,31.164283999999999,121.561012856999990,31.161764250000001
104,30,104,0,1,104,0,341741,9,4600,121.565779000000010,31.159165000000002,121.571936286000000,31.161764250000001
105,10,105,0,1,105,0,342364,9,1369,121.584272000000000,31.164435000000001,121.582859713999990,31.161764250000001
106,1,106,0,1,106,0,342478,9,114,121.587875000000000,31.156915000000001,121.593783143000000,31.161764250000001
107,3,107,0,1,107,0,342841,9,406,121.603022999999990,31.163011999999998,121.604706570999990,31.161764250000001
108,6,108,0,1,108,0,343188,9,634,121.617628000000000,31.156676000000001,121.615630000000000,31.161764250000001
109,6,109,0,1,109,0,343243,9,1278,121.620645999999990,31.156984999999999,121.626553429000000,31.161764250000001
110,6,110,0,1,110,0,343436,9,1293,121.631018999999990,31.163829000000000,121.637476857000000,31.161764250000001
111,4,111,0,1,111,0,343665,9,1190,121.643114999999990,31.165240000000001,121.648400286000000,31.161764250000001
112,32,112,0,1,112,0,325642,9,11020,121.349078000000010,31.171766000000002,121.353467714000000,31.170760607100000
113,31,113,0,1,113,0,326109,9,12899,121.358104000000000,31.172052999999998,121.364391143000010,31.170760607100000
114,42,114,0,1,114,0,326670,9,17259,121.368917000000000,31.171565999999999,121.375314571000000,31.170760607100000
115,64,115,0,1,115,0,327307,9,27481,121.379791000000000,31.168973000000001,121.386238000000010,31.170760607100000
116,97,116,0,1,116,0,328102,9,34720,121.390818999999990,31.170375000000000,121.397161428999990,31.170760607100000
117,71,117,0,1,117,0,329089,9,18899,121.401628000000000,31.165709000000000,121.408084857000010,31.170760607100000
118,83,118,0,1,118,0,330030,9,24606,121.412737000000010,31.176100999999999,121.419008285999990,31.170760607100000
119,76,119,0,1,119,0,331059,9,38424,121.423543000000000,31.170933999999999,121.429931714000010,31.170760607100000
120,49,120,0,1,120,0,332216,9,22243,121.434651000000000,31.166509000000001,121.440855142999990,31.170760607100000
121,28,121,0,1,121,0,333344,9,9626,121.445417000000010,31.174478000000001,121.451778571000010,31.170760607100000
122,11,122,0,1,122,0,334541,9,1324,121.456402999999990,31.165648999999998,121.462701999999990,31.170760607100000
123,22,123,0,1,123,0,335845,9,7029,121.472312000000000,31.175369000000000,121.473625428999990,31.170760607100000
124,45,124,0,1,124,0,336480,9,15279,121.478960000000000,31.173791999999999,121.484548856999990,31.170760607100000
125,63,125,0,1,125,0,337496,9,23949,121.489217999999990,31.167529999999999,121.495472285999990,31.170760607100000
126,31,126,0,1,126,0,338414,9,11492,121.500687000000000,31.166948000000001,121.506395714000010,31.170760607100000
127,25,127,0,1,127,0,339302,9,10116,121.513231000000000,31.174979000000000,121.517319142999990,31.170760607100000
128,26,128,0,1,128,0,339911,9,8815,121.521837000000000,31.169530999999999,121.528242571000010,31.170760607100000
129,24,129,0,1,129,0,340532,9,4479,121.533043000000010,31.175886999999999,121.539165999999990,31.170760607100000
130,9,130,0,1,130,0,341149,9,1680,121.547961000000000,31.172809000000001,121.550089429000000,31.170760607100000
131,25,131,0,1,131,0,341435,9,3299,121.556144000000000,31.172219999999999,121.561012856999990,31.170760607100000
132,16,132,0,1,132,0,341775,9,1774,121.566710000000000,31.166601000000000,121.571936286000000,31.170760607100000
133,11,133,0,1,133,0,342122,9,982,121.577077000000000,31.168126999999998,121.582859713999990,31.170760607100000
134,6,134,0,1,134,0,342526,9,2015,121.589778999999990,31.173798999999999,121.593783143000000,31.170760607100000
135,5,135,0,1,135,0,342763,9,776,121.599932000000000,31.171188000000001,121.604706570999990,31.170760607100000
136,1,136,0,1,136,0,343206,9,43,121.618917999999990,31.165351999999999,121.615630000000000,31.170760607100000
137,7,137,0,1,137,0,343296,9,1407,121.623341999999990,31.167265000000000,121.626553429000000,31.170760607100000
138,7,138,0,1,138,0,343469,9,1192,121.632864000000000,31.175221000000001,121.637476857000000,31.170760607100000
139,5,139,0,1,139,0,343642,9,714,121.642285000000000,31.168938000000001,121.648400286000000,31.170760607100000
140,33,140,0,1,140,0,325637,9,18798,121.349024000000000,31.179244000000001,121.353467714000000,31.179756964300001
141,53,141,0,1,141,0,326106,9,21602,121.358078000000010,31.178488999999999,121.364391143000010,31.179756964300001
142,58,142,0,1,142,0,326687,9,14998,121.369240000000000,31.182715000000002,121.375314571000000,31.179756964300001
143,60,143,0,1,143,0,327306,9,18383,121.379779000000000,31.183897999999999,121.386238000000010,31.179756964300001
144,49,144,0,1,144,0,328097,9,18105,121.390765000000000,31.182872000000000,121.397161428999990,31.179756964300001
145,61,145,0,1,145,0,329097,9,18229,121.401734000000000,31.175020000000000,121.408084857000010,31.179756964300001
146,57,146,0,1,146,0,330030,9,29555,121.412737000000010,31.176100999999999,121.419008285999990,31.179756964300001
147,69,147,0,1,147,0,331112,9,23414,121.424046000000000,31.185158999999999,121.429931714000010,31.179756964300001
148,91,148,0,1,148,0,332231,9,24869,121.434740000000010,31.184846000000000,121.440855142999990,31.179756964300001
149,28,149,0,1,149,0,333344,9,9021,121.445417000000010,31.174478000000001,121.451778571000010,31.179756964300001
150,9,150,0,1,150,0,334950,9,1562,121.461292000000000,31.180395000000001,121.462701999999990,31.179756964300001
151,20,151,0,1,151,0,335581,9,3488,121.469370000000000,31.183354000000001,121.473625428999990,31.179756964300001
152,63,152,0,1,152,0,336505,9,20497,121.479149000000010,31.175194000000001,121.484548856999990,31.179756964300001
153,68,153,0,1,153,0,337503,9,19863,121.489278000000000,31.184542000000000,121.495472285999990,31.179756964300001
154,43,154,0,1,154,0,338377,9,19948,121.500283999999990,31.177050000000001,121.506395714000010,31.179756964300001
155,36,155,0,1,155,0,339159,9,16215,121.511134000000000,31.185160000000000,121.517319142999990,31.179756964300001
156,25,156,0,1,156,0,340039,9,5097,121.524398000000010,31.178238000000000,121.528242571000010,31.179756964300001
157,17,157,0,1,157,0,340532,9,4289,121.533043000000010,31.175886999999999,121.539165999999990,31.179756964300001
158,24,158,0,1,158,0,341000,9,4792,121.544122000000000,31.178205999999999,121.550089429000000,31.179756964300001
159,24,159,0,1,159,0,341408,9,2912,121.555327000000010,31.183532000000000,121.561012856999990,31.179756964300001
160,17,160,0,1,160,0,341758,9,1011,121.566246000000010,31.183326999999998,121.571936286000000,31.179756964300001
161,13,161,0,1,161,0,342141,9,846,121.577499000000000,31.184616999999999,121.582859713999990,31.179756964300001
162,7,162,0,1,162,0,342485,9,1950,121.588091000000010,31.181839000000000,121.593783143000000,31.179756964300001
163,6,163,0,1,163,0,342737,9,1404,121.598434999999990,31.180586000000002,121.604706570999990,31.179756964300001
164,15,164,0,1,164,0,342984,9,1450,121.609605000000000,31.180091000000001,121.615630000000000,31.179756964300001
165,14,165,0,1,165,0,343233,9,3563,121.620171000000000,31.185143000000000,121.626553429000000,31.179756964300001
166,10,166,0,1,166,0,343455,9,1811,121.632244000000000,31.179642999999999,121.637476857000000,31.179756964300001
167,4,167,0,1,167,0,343650,9,594,121.642657000000000,31.181155000000000,121.648400286000000,31.179756964300001
168,24,168,0,1,168,0,325649,9,6697,121.349208000000000,31.193484000000002,121.353467714000000,31.188753321400000
169,64,169,0,1,169,0,326152,9,16044,121.359007000000010,31.188908000000001,121.364391143000010,31.188753321400000
170,72,170,0,1,170,0,326672,9,15784,121.368928999999990,31.191517000000001,121.375314571000000,31.188753321400000
171,61,171,0,1,171,0,327306,9,15261,121.379779000000000,31.183897999999999,121.386238000000010,31.188753321400000
172,56,172,0,1,172,0,328098,9,16590,121.390784000000000,31.186108999999998,121.397161428999990,31.188753321400000
173,47,173,0,1,173,0,329112,9,18322,121.401957999999990,31.191034999999999,121.408084857000010,31.188753321400000
174,83,174,0,1,174,0,330093,9,35925,121.413332000000000,31.192291999999998,121.419008285999990,31.188753321400000
175,144,175,0,1,175,0,331077,9,44624,121.423723000000000,31.187982999999999,121.429931714000010,31.188753321400000
176,131,176,0,1,176,0,332223,9,35915,121.434698999999990,31.185927000000000,121.440855142999990,31.188753321400000
177,68,177,0,1,177,0,333369,9,25771,121.445652000000000,31.191979000000000,121.451778571000010,31.188753321400000
178,21,178,0,1,178,0,334711,9,4326,121.458286000000000,31.192229000000001,121.462701999999990,31.188753321400000
179,28,179,0,1,179,0,335436,9,4032,121.467474000000000,31.192716999999998,121.473625428999990,31.188753321400000
180,63,180,0,1,180,0,336489,9,10458,121.479043000000000,31.186074000000001,121.484548856999990,31.188753321400000
181,61,181,0,1,181,0,337503,9,7910,121.489278000000000,31.184542000000000,121.495472285999990,31.188753321400000
182,53,182,0,1,182,0,338413,9,18282,121.500681000000000,31.186288000000001,121.506395714000010,31.188753321400000
183,31,183,0,1,183,0,339152,9,11595,121.511062000000000,31.193867999999998,121.517319142999990,31.188753321400000
184,38,184,0,1,184,0,339915,9,7624,121.521941000000000,31.189648999999999,121.528242571000010,31.188753321400000
185,17,185,0,1,185,0,340574,9,3871,121.533800000000000,31.191212000000000,121.539165999999990,31.188753321400000
186,35,186,0,1,186,0,341001,9,8992,121.544123000000000,31.185887000000001,121.550089429000000,31.188753321400000
187,27,187,0,1,187,0,341396,9,3730,121.555006000000010,31.189807999999999,121.561012856999990,31.188753321400000
188,23,188,0,1,188,0,341755,9,2406,121.566180000000000,31.187892999999999,121.571936286000000,31.188753321400000
189,29,189,0,1,189,0,342128,9,3404,121.577297000000000,31.186837000000001,121.582859713999990,31.188753321400000
190,29,190,0,1,190,0,342496,9,4998,121.588583000000000,31.186572999999999,121.593783143000000,31.188753321400000
191,16,191,0,1,191,0,342742,9,1793,121.598926000000010,31.193358000000000,121.604706570999990,31.188753321400000
192,9,192,0,1,192,0,343233,9,498,121.620171000000000,31.185143000000000,121.615630000000000,31.188753321400000
193,17,193,0,1,193,0,343233,9,2555,121.620171000000000,31.185143000000000,121.626553429000000,31.188753321400000
194,13,194,0,1,194,0,343443,9,1744,121.631345000000000,31.189311000000000,121.637476857000000,31.188753321400000
195,10,195,0,1,195,0,343639,9,1374,121.642148000000010,31.188783000000001,121.648400286000000,31.188753321400000
196,19,196,0,1,196,0,325649,9,4105,121.349208000000000,31.193484000000002,121.353467714000000,31.197749678600001
197,32,197,0,1,197,0,326111,9,7801,121.358149999999990,31.199781999999999,121.364391143000010,31.197749678600001
198,49,198,0,1,198,0,326706,9,8473,121.369601000000000,31.201630999999999,121.375314571000000,31.197749678600001
199,87,199,0,1,199,0,327313,9,20281,121.379870999999990,31.193197000000001,121.386238000000010,31.197749678600001
200,79,200,0,1,200,0,328111,9,23359,121.390921000000010,31.200047000000001,121.397161428999990,31.197749678600001
201,72,201,0,1,201,0,329092,9,21839,121.401668000000000,31.196687000000001,121.408084857000010,31.197749678600001
202,96,202,0,1,202,0,330048,9,32964,121.412935000000000,31.197320000000001,121.419008285999990,31.197749678600001
203,144,203,0,1,203,0,331074,9,51072,121.423697000000000,31.196517000000000,121.429931714000010,31.197749678600001
204,144,204,0,1,204,0,332198,9,43365,121.434495000000000,31.195715000000000,121.440855142999990,31.197749678600001
205,117,205,0,1,205,0,333370,9,45501,121.445656000000000,31.200569999999999,121.451778571000010,31.197749678600001
206,69,206,0,1,206,0,334632,9,30697,121.457210000000000,31.202856000000001,121.462701999999990,31.197749678600001
207,71,207,0,1,207,0,335436,9,23392,121.467474000000000,31.192716999999998,121.473625428999990,31.197749678600001
208,47,208,0,1,208,0,336384,9,9112,121.478111000000000,31.200271999999998,121.484548856999990,31.197749678600001
209,34,209,0,1,209,0,337523,9,3767,121.489502000000000,31.201442000000000,121.495472285999990,31.197749678600001
210,79,210,0,1,210,0,338378,9,21920,121.500291000000000,31.194331999999999,121.506395714000010,31.197749678600001
211,53,211,0,1,211,0,339150,9,21395,121.510997000000000,31.196766000000000,121.517319142999990,31.197749678600001
212,33,212,0,1,212,0,339930,9,6105,121.522130000000000,31.192727999999999,121.528242571000010,31.197749678600001
213,15,213,0,1,213,0,340577,9,3365,121.533884000000000,31.199801000000001,121.539165999999990,31.197749678600001
214,34,214,0,1,214,0,340995,9,7061,121.544009000000000,31.202544000000000,121.550089429000000,31.197749678600001
215,25,215,0,1,215,0,341394,9,5887,121.554941000000000,31.198157999999999,121.561012856999990,31.197749678600001
216,21,216,0,1,216,0,341785,9,6592,121.566964000000000,31.203036000000001,121.571936286000000,31.197749678600001
217,38,217,0,1,217,0,342108,9,7945,121.576770999999990,31.199926000000001,121.582859713999990,31.197749678600001
218,28,218,0,1,218,0,342506,9,5511,121.588946000000010,31.198502999999999,121.593783143000000,31.197749678600001
219,38,219,0,1,219,0,342738,9,5404,121.598564000000000,31.195551999999999,121.604706570999990,31.197749678600001
220,23,220,0,1,220,0,342990,9,3233,121.609723000000000,31.198816999999998,121.615630000000000,31.197749678600001
221,26,221,0,1,221,0,343240,9,3520,121.620532999999990,31.198909000000000,121.626553429000000,31.197749678600001
222,11,222,0,1,222,0,343442,9,1818,121.631339999999990,31.201028999999998,121.637476857000000,31.197749678600001
223,6,223,0,1,223,0,343709,9,1111,121.645889999999990,31.202999999999999,121.648400286000000,31.197749678600001
224,24,224,0,1,224,0,325718,9,7186,121.350652999999990,31.207854999999999,121.353467714000000,31.206746035700000
225,50,225,0,1,225,0,326105,9,12330,121.358058000000000,31.207740999999999,121.364391143000010,31.206746035700000
226,50,226,0,1,226,0,326684,9,12010,121.369170000000000,31.211224000000001,121.375314571000000,31.206746035700000
227,59,227,0,1,227,0,327317,9,23534,121.379983000000000,31.206927000000000,121.386238000000010,31.206746035700000
228,140,228,0,1,228,0,328095,9,49315,121.390744000000000,31.206222000000000,121.397161428999990,31.206746035700000
229,91,229,0,1,229,0,329087,9,39375,121.401625999999990,31.205023000000001,121.408084857000010,31.206746035700000
230,96,230,0,1,230,0,330060,9,39431,121.413049000000000,31.208604999999999,121.419008285999990,31.206746035700000
231,89,231,0,1,231,0,331053,9,30689,121.423480000000000,31.205119000000000,121.429931714000010,31.206746035700000
232,79,232,0,1,232,0,332201,9,22142,121.434549000000000,31.209159000000000,121.440855142999990,31.206746035700000
233,112,233,0,1,233,0,333350,9,36125,121.445463000000000,31.206471000000001,121.451778571000010,31.206746035700000
234,133,234,0,1,234,0,334529,9,46783,121.456297000000010,31.209978000000000,121.462701999999990,31.206746035700000
235,112,235,0,1,235,0,335420,9,42953,121.467257000000000,31.203672000000001,121.473625428999990,31.206746035700000
236,113,236,0,1,236,0,336385,9,40860,121.478117000000000,31.203102999999999,121.484548856999990,31.206746035700000
237,46,237,0,1,237,0,337484,9,16548,121.489047000000000,31.208886000000000,121.495472285999990,31.206746035700000
238,35,238,0,1,238,0,338364,9,12476,121.500035999999990,31.209523999999998,121.506395714000010,31.206746035700000
239,75,239,0,1,239,0,339145,9,16431,121.510896000000000,31.205324000000001,121.517319142999990,31.206746035700000
240,49,240,0,1,240,0,339939,9,5527,121.522315000000010,31.209102000000001,121.528242571000010,31.206746035700000
241,39,241,0,1,241,0,340518,9,7578,121.532735000000000,31.210540000000002,121.539165999999990,31.206746035700000
242,58,242,0,1,242,0,340995,9,10308,121.544009000000000,31.202544000000000,121.550089429000000,31.206746035700000
243,60,243,0,1,243,0,341392,9,12351,121.554838000000000,31.209752999999999,121.561012856999990,31.206746035700000
244,18,244,0,1,244,0,341746,9,6071,121.565911000000000,31.212145000000000,121.571936286000000,31.206746035700000
245,49,245,0,1,245,0,342120,9,12237,121.577042000000010,31.210273000000001,121.582859713999990,31.206746035700000
246,30,246,0,1,246,0,342499,9,7862,121.588679000000000,31.205355999999998,121.593783143000000,31.206746035700000
247,39,247,0,1,247,0,342740,9,7572,121.598782000000000,31.205752000000000,121.604706570999990,31.206746035700000
248,34,248,0,1,248,0,342986,9,6076,121.609624999999990,31.208476999999998,121.615630000000000,31.206746035700000
249,35,249,0,1,249,0,343234,9,3771,121.620180000000000,31.208158999999998,121.626553429000000,31.206746035700000
250,20,250,0,1,250,0,343461,9,1746,121.632575000000000,31.204446000000001,121.637476857000000,31.206746035700000
251,12,251,0,1,251,0,343706,9,1987,121.645762000000000,31.211134999999999,121.648400286000000,31.206746035700000
252,44,252,0,1,252,0,325613,9,17896,121.348470000000010,31.217559000000001,121.353467714000000,31.215742392900001
253,57,253,0,1,253,0,326107,9,20290,121.358082000000000,31.211496000000000,121.364391143000010,31.215742392900001
254,67,254,0,1,254,0,326680,9,21611,121.369113000000000,31.217341000000001,121.375314571000000,31.215742392900001
255,79,255,0,1,255,0,327318,9,27704,121.380005000000000,31.213943000000000,121.386238000000010,31.215742392900001
256,93,256,0,1,256,0,328131,9,33663,121.391152000000010,31.214601999999999,121.397161428999990,31.215742392900001
257,76,257,0,1,257,0,329109,9,34558,121.401934000000000,31.212864000000000,121.408084857000010,31.215742392900001
258,110,258,0,1,258,0,330033,9,40403,121.412796000000000,31.220804000000001,121.419008285999990,31.215742392900001
259,104,259,0,1,259,0,331087,9,33531,121.423830000000000,31.213730000000002,121.429931714000010,31.215742392900001
260,97,260,0,1,260,0,332200,9,35454,121.434535000000000,31.216882999999999,121.440855142999990,31.215742392900001
261,120,261,0,1,261,0,333381,9,40446,121.445739000000000,31.215809000000000,121.451778571000010,31.215742392900001
262,112,262,0,1,262,0,334531,9,45302,121.456304000000000,31.213581000000001,121.462701999999990,31.215742392900001
263,115,263,0,1,263,0,335413,9,47664,121.467183000000010,31.217381000000000,121.473625428999990,31.215742392900001
264,110,264,0,1,264,0,336381,9,47909,121.478094000000000,31.213229999999999,121.484548856999990,31.215742392900001
265,77,265,0,1,265,0,337482,9,24821,121.489023000000000,31.216363000000001,121.495472285999990,31.215742392900001
266,48,266,0,1,266,0,338369,9,10058,121.500185000000000,31.210744999999999,121.506395714000010,31.215742392900001
267,70,267,0,1,267,0,339149,9,13612,121.510970000000000,31.211960000000001,121.517319142999990,31.215742392900001
268,72,268,0,1,268,0,339927,9,12249,121.522098000000000,31.214794999999999,121.528242571000010,31.215742392900001
269,34,269,0,1,269,0,340518,9,5638,121.532735000000000,31.210540000000002,121.539165999999990,31.215742392900001
270,30,270,0,1,270,0,341019,9,4347,121.544455000000000,31.214836999999999,121.550089429000000,31.215742392900001
271,72,271,0,1,271,0,341438,9,5683,121.556252000000000,31.221204000000000,121.561012856999990,31.215742392900001
272,21,272,0,1,272,0,341746,9,2327,121.565911000000000,31.212145000000000,121.571936286000000,31.215742392900001
273,17,273,0,1,273,0,342120,9,3818,121.577042000000010,31.210273000000001,121.582859713999990,31.215742392900001
274,28,274,0,1,274,0,342502,9,5401,121.588891000000000,31.210809000000001,121.593783143000000,31.215742392900001
275,26,275,0,1,275,0,342755,9,3313,121.599504999999990,31.214644000000000,121.604706570999990,31.215742392900001
276,26,276,0,1,276,0,342987,9,4638,121.609639000000000,31.217089999999999,121.615630000000000,31.215742392900001
277,31,277,0,1,277,0,343251,9,5656,121.620801000000000,31.215046999999998,121.626553429000000,31.215742392900001
278,13,278,0,1,278,0,343441,9,2131,121.631246000000000,31.220466999999999,121.637476857000000,31.215742392900001
279,11,279,0,1,279,0,343658,9,1533,121.642976000000000,31.215613000000001,121.648400286000000,31.215742392900001
280,44,280,0,1,280,0,325605,9,22408,121.348311000000000,31.226371000000000,121.353467714000000,31.224738750000000
281,28,281,0,1,281,0,326116,9,11214,121.358267000000000,31.220067000000000,121.364391143000010,31.224738750000000
282,31,282,0,1,282,0,326722,9,13118,121.369851000000000,31.224100000000000,121.375314571000000,31.224738750000000
283,36,283,0,1,283,0,327448,9,9838,121.381927000000000,31.223773000000001,121.386238000000010,31.224738750000000
284,38,284,0,1,284,0,328141,9,12078,121.391281000000010,31.224319999999999,121.397161428999990,31.224738750000000
285,55,285,0,1,285,0,329110,9,26477,121.401950000000000,31.227727000000002,121.408084857000010,31.224738750000000
286,87,286,0,1,286,0,330033,9,33824,121.412796000000000,31.220804000000001,121.419008285999990,31.224738750000000
287,78,287,0,1,287,0,331065,9,34310,121.423593999999990,31.227868999999998,121.429931714000010,31.224738750000000
288,149,288,0,1,288,0,332206,9,57921,121.434566000000000,31.220635999999999,121.440855142999990,31.224738750000000
289,121,289,0,1,289,0,333335,9,47989,121.445322000000000,31.228859000000000,121.451778571000010,31.224738750000000
290,119,290,0,1,290,0,334545,9,42802,121.456436000000000,31.219441000000000,121.462701999999990,31.224738750000000
291,172,291,0,1,291,0,335426,9,72407,121.467308000000000,31.223043000000001,121.473625428999990,31.224738750000000
292,101,292,0,1,292,0,336395,9,42741,121.478174000000000,31.228324000000001,121.484548856999990,31.224738750000000
293,91,293,0,1,293,0,337497,9,29192,121.489220000000000,31.221000000000000,121.495472285999990,31.224738750000000
294,65,294,0,1,294,0,338362,9,10476,121.500029000000000,31.225518999999998,121.506395714000010,31.224738750000000
295,94,295,0,1,295,0,339144,9,18209,121.510893000000000,31.229082999999999,121.517319142999990,31.224738750000000
296,104,296,0,1,296,0,339921,9,25212,121.522009000000000,31.221805000000000,121.528242571000010,31.224738750000000
297,59,297,0,1,297,0,340541,9,10473,121.533198000000000,31.224381000000001,121.539165999999990,31.224738750000000
298,57,298,0,1,298,0,341004,9,7591,121.544214000000000,31.227103000000000,121.550089429000000,31.224738750000000
299,25,299,0,1,299,0,341390,9,4127,121.554789000000000,31.227340000000002,121.561012856999990,31.224738750000000
300,9,300,0,1,300,0,341762,9,1273,121.566402999999990,31.224817000000002,121.571936286000000,31.224738750000000
301,7,301,0,1,301,0,349300,9,223,121.580057000000000,31.222754999999999,121.582859713999990,31.224738750000000
302,9,302,0,1,302,0,342693,9,828,121.596127999999990,31.224978000000000,121.593783143000000,31.224738750000000
303,12,303,0,1,303,0,342809,9,2033,121.601731000000000,31.221131000000000,121.604706570999990,31.224738750000000
304,14,304,0,1,304,0,342989,9,1563,121.609705000000010,31.222415000000002,121.615630000000000,31.224738750000000
305,19,305,0,1,305,0,343268,9,3630,121.621388999999990,31.224760000000000,121.626553429000000,31.224738750000000
306,11,306,0,1,306,0,343441,9,1743,121.631246000000000,31.220466999999999,121.637476857000000,31.224738750000000
307,9,307,0,1,307,0,343692,9,1655,121.644848000000000,31.228842000000000,121.648400286000000,31.224738750000000
308,28,308,0,1,308,0,325611,9,9040,121.348440999999990,31.232915999999999,121.353467714000000,31.233735107099999
309,17,309,0,1,309,0,326139,9,7749,121.358705000000000,31.229151999999999,121.364391143000010,31.233735107099999
310,44,310,0,1,310,0,326686,9,23702,121.369221999999990,31.233180000000001,121.375314571000000,31.233735107099999
311,51,311,0,1,311,0,327347,9,22170,121.380444999999990,31.235643000000000,121.386238000000010,31.233735107099999
312,47,312,0,1,312,0,328136,9,27469,121.391227000000000,31.234247000000000,121.397161428999990,31.233735107099999
313,74,313,0,1,313,0,329095,9,23683,121.401720000000000,31.237939000000001,121.408084857000010,31.233735107099999
314,90,314,0,1,314,0,330029,9,28024,121.412722000000000,31.237711999999998,121.419008285999990,31.233735107099999
315,100,315,0,1,315,0,331060,9,36064,121.423544000000010,31.230616999999999,121.429931714000010,31.233735107099999
316,108,316,0,1,316,0,332203,9,42103,121.434551000000000,31.236017000000000,121.440855142999990,31.233735107099999
317,136,317,0,1,317,0,333335,9,52399,121.445322000000000,31.228859000000000,121.451778571000010,31.233735107099999
318,147,318,0,1,318,0,334524,9,58125,121.456249000000000,31.237964999999999,121.462701999999990,31.233735107099999
319,250,319,0,1,319,0,335414,9,83822,121.467206000000000,31.236516000000002,121.473625428999990,31.233735107099999
320,174,320,0,1,320,0,336391,9,61610,121.478147000000010,31.237839999999998,121.484548856999990,31.233735107099999
321,97,321,0,1,321,0,337492,9,25451,121.489192000000000,31.231510000000000,121.495472285999990,31.233735107099999
322,107,322,0,1,322,0,338367,9,27913,121.500182000000000,31.236872999999999,121.506395714000010,31.233735107099999
323,132,323,0,1,323,0,339142,9,27323,121.510875000000000,31.235085999999999,121.517319142999990,31.233735107099999
324,58,324,0,1,324,0,339913,9,16231,121.521855000000000,31.231349999999999,121.528242571000010,31.233735107099999
325,41,325,0,1,325,0,340520,9,12000,121.532743999999990,31.239196000000000,121.539165999999990,31.233735107099999
326,30,326,0,1,326,0,341012,9,5476,121.544360000000000,31.228835000000000,121.550089429000000,31.233735107099999
327,27,327,0,1,327,0,341403,9,5388,121.555268000000000,31.232043000000001,121.561012856999990,31.233735107099999
328,12,328,0,1,328,0,341771,9,2139,121.566632000000000,31.231334000000000,121.571936286000000,31.233735107099999
329,8,329,0,1,329,0,342157,9,1595,121.578115999999990,31.236052999999998,121.582859713999990,31.233735107099999
330,8,330,0,1,330,0,342595,9,1291,121.592342000000000,31.237304999999999,121.593783143000000,31.233735107099999
331,10,331,0,1,331,0,342739,9,1602,121.598771000000000,31.237908999999998,121.604706570999990,31.233735107099999
332,2,332,0,1,332,0,343264,9,485,121.621204000000010,31.233537999999999,121.615630000000000,31.233735107099999
333,5,333,0,1,333,0,343264,9,524,121.621204000000010,31.233537999999999,121.626553429000000,31.233735107099999
334,7,334,0,1,334,0,343485,9,1554,121.633433000000000,31.228888999999999,121.637476857000000,31.233735107099999
335,10,335,0,1,335,0,343647,9,2108,121.642469000000010,31.230409999999999,121.648400286000000,31.233735107099999
336,22,336,0,1,336,0,325653,9,9379,121.349335999999990,31.245374999999999,121.353467714000000,31.242731464300000
337,18,337,0,1,337,0,326099,9,7173,121.357958999999990,31.242953000000000,121.364391143000010,31.242731464300000
338,21,338,0,1,338,0,326693,9,6953,121.369328000000000,31.239272000000000,121.375314571000000,31.242731464300000
339,28,339,0,1,339,0,327441,9,11441,121.381792000000000,31.245193000000000,121.386238000000010,31.242731464300000
340,65,340,0,1,340,0,328178,9,33890,121.391668000000000,31.244596999999999,121.397161428999990,31.242731464300000
341,84,341,0,1,341,0,329095,9,42456,121.401720000000000,31.237939000000001,121.408084857000010,31.242731464300000
342,75,342,0,1,342,0,330029,9,44335,121.412722000000000,31.237711999999998,121.419008285999990,31.242731464300000
343,94,343,0,1,343,0,331118,9,37414,121.424090000000010,31.243324000000001,121.429931714000010,31.242731464300000
344,111,344,0,1,344,0,332195,9,45743,121.434441000000010,31.242452000000000,121.440855142999990,31.242731464300000
345,113,345,0,1,345,0,333364,9,39984,121.445595999999990,31.241472000000002,121.451778571000010,31.242731464300000
346,108,346,0,1,346,0,334524,9,44075,121.456249000000000,31.237964999999999,121.462701999999990,31.242731464300000
347,131,347,0,1,347,0,335415,9,60774,121.467207000000000,31.244263000000000,121.473625428999990,31.242731464300000
348,142,348,0,1,348,0,336382,9,44646,121.478102000000010,31.245225999999999,121.484548856999990,31.242731464300000
349,87,349,0,1,349,0,337542,9,18171,121.489790000000000,31.246691999999999,121.495472285999990,31.242731464300000
350,80,350,0,1,350,0,338375,9,20639,121.500251000000010,31.241917999999998,121.506395714000010,31.242731464300000
351,68,351,0,1,351,0,339167,9,16440,121.511210000000010,31.241125000000000,121.517319142999990,31.242731464300000
352,44,352,0,1,352,0,339971,9,7800,121.522831000000000,31.238659999999999,121.528242571000010,31.242731464300000
353,40,353,0,1,353,0,340520,9,9524,121.532743999999990,31.239196000000000,121.539165999999990,31.242731464300000
354,37,354,0,1,354,0,341002,9,7627,121.544132000000000,31.241316000000001,121.550089429000000,31.242731464300000
355,33,355,0,1,355,0,341400,9,6911,121.555201999999990,31.243189999999998,121.561012856999990,31.242731464300000
356,25,356,0,1,356,0,341751,9,5820,121.566140000000000,31.241675999999998,121.571936286000000,31.242731464300000
357,30,357,0,1,357,0,342134,9,5971,121.577400000000000,31.247053000000001,121.582859713999990,31.242731464300000
358,30,358,0,1,358,0,342490,9,5408,121.588308000000000,31.240521000000001,121.593783143000000,31.242731464300000
359,20,359,0,1,359,0,342739,9,3113,121.598771000000000,31.237908999999998,121.604706570999990,31.242731464300000
360,11,360,0,1,360,0,342996,9,1952,121.609844000000000,31.240507999999998,121.615630000000000,31.242731464300000
361,11,361,0,1,361,0,343245,9,1490,121.620693000000000,31.242625000000000,121.626553429000000,31.242731464300000
362,9,362,0,1,362,0,343439,9,1649,121.631165000000000,31.242232000000001,121.637476857000000,31.242731464300000
363,2,363,0,1,363,0,343820,9,417,121.653025000000000,31.241182999999999,121.648400286000000,31.242731464300000
364,39,364,0,1,364,0,325647,9,13543,121.349186000000000,31.253259000000000,121.353467714000000,31.251727821399999
365,37,365,0,1,365,0,326136,9,17792,121.358658000000010,31.255911000000001,121.364391143000010,31.251727821399999
366,54,366,0,1,366,0,326690,9,19943,121.369313000000010,31.251863000000000,121.375314571000000,31.251727821399999
367,44,367,0,1,367,0,327312,9,19537,121.379859999999990,31.248258000000000,121.386238000000010,31.251727821399999
368,67,368,0,1,368,0,328116,9,31760,121.390992999999990,31.253900000000002,121.397161428999990,31.251727821399999
369,50,369,0,1,369,0,329091,9,28355,121.401661000000000,31.252105000000000,121.408084857000010,31.251727821399999
370,48,370,0,1,370,0,330112,9,23564,121.413566000000000,31.255962000000000,121.419008285999990,31.251727821399999
371,80,371,0,1,371,0,331107,9,31275,121.423992000000000,31.253615000000000,121.429931714000010,31.251727821399999
372,70,372,0,1,372,0,332217,9,37404,121.434653999999990,31.251030000000000,121.440855142999990,31.251727821399999
373,162,373,0,1,373,0,333346,9,48280,121.445424000000000,31.255163000000000,121.451778571000010,31.251727821399999
374,86,374,0,1,374,0,334536,9,38258,121.456356000000000,31.254391999999999,121.462701999999990,31.251727821399999
375,105,375,0,1,375,0,335416,9,53050,121.467221000000000,31.248394000000001,121.473625428999990,31.251727821399999
376,125,376,0,1,376,0,336394,9,49030,121.478163000000000,31.248256999999999,121.484548856999990,31.251727821399999
377,69,377,0,1,377,0,337483,9,22468,121.489029000000000,31.252956999999999,121.495472285999990,31.251727821399999
378,47,378,0,1,378,0,338361,9,19035,121.500024999999990,31.253630000000001,121.506395714000010,31.251727821399999
379,25,379,0,1,379,0,339154,9,9730,121.511099000000000,31.253563000000000,121.517319142999990,31.251727821399999
380,14,380,0,1,380,0,339976,9,5073,121.522929000000000,31.256861000000001,121.528242571000010,31.251727821399999
381,15,381,0,1,381,0,340802,9,3346,121.538580000000000,31.249099999999999,121.539165999999990,31.251727821399999
382,45,382,0,1,382,0,340994,9,7433,121.543970000000000,31.249957999999999,121.550089429000000,31.251727821399999
383,50,383,0,1,383,0,341389,9,6732,121.554779999999990,31.251888000000001,121.561012856999990,31.251727821399999
384,35,384,0,1,384,0,341727,9,7792,121.565484000000000,31.250111000000000,121.571936286000000,31.251727821399999
385,37,385,0,1,385,0,342118,9,10849,121.577009000000000,31.256733000000001,121.582859713999990,31.251727821399999
386,38,386,0,1,386,0,342472,9,5366,121.587532999999990,31.256239000000001,121.593783143000000,31.251727821399999
387,37,387,0,1,387,0,342747,9,6296,121.599269000000010,31.246531999999998,121.604706570999990,31.251727821399999
388,23,388,0,1,388,0,342980,9,3532,121.609343000000000,31.251926000000001,121.615630000000000,31.251727821399999
389,14,389,0,1,389,0,343257,9,1379,121.621041000000010,31.254405999999999,121.626553429000000,31.251727821399999
390,10,390,0,1,390,0,343489,9,494,121.633885000000010,31.253532000000000,121.637476857000000,31.251727821399999
391,4,391,0,1,391,0,343789,9,547,121.651580999999990,31.253433999999999,121.648400286000000,31.251727821399999
392,17,392,0,1,392,0,325609,9,10280,121.348399000000000,31.258685000000000,121.353467714000000,31.260724178600000
393,27,393,0,1,393,0,326100,9,13070,121.357991000000000,31.258486000000001,121.364391143000010,31.260724178600000
394,38,394,0,1,394,0,326704,9,18641,121.369547000000000,31.257068000000000,121.375314571000000,31.260724178600000
395,35,395,0,1,395,0,327309,9,19846,121.379807000000000,31.261364000000000,121.386238000000010,31.260724178600000
396,48,396,0,1,396,0,328094,9,21340,121.390733999999990,31.261599000000000,121.397161428999990,31.260724178600000
397,36,397,0,1,397,0,329105,9,14940,121.401801000000010,31.257752000000000,121.408084857000010,31.260724178600000
398,49,398,0,1,398,0,330064,9,24198,121.413098000000010,31.262467000000001,121.419008285999990,31.260724178600000
399,54,399,0,1,399,0,331072,9,23190,121.423669000000000,31.257456000000001,121.429931714000010,31.260724178600000
400,73,400,0,1,400,0,332207,9,37091,121.434573000000000,31.258099999999999,121.440855142999990,31.260724178600000
401,91,401,0,1,401,0,333351,9,26945,121.445477999999990,31.261334999999999,121.451778571000010,31.260724178600000
402,89,402,0,1,402,0,334527,9,38327,121.456273000000000,31.263096000000001,121.462701999999990,31.260724178600000
403,100,403,0,1,403,0,335421,9,34474,121.467262000000010,31.258579999999998,121.473625428999990,31.260724178600000
404,81,404,0,1,404,0,336422,9,40805,121.478379000000000,31.259979000000001,121.484548856999990,31.260724178600000
405,72,405,0,1,405,0,337494,9,29765,121.489206999999990,31.265073000000001,121.495472285999990,31.260724178600000
406,69,406,0,1,406,0,338360,9,29884,121.500005000000000,31.261969000000001,121.506395714000010,31.260724178600000
407,47,407,0,1,407,0,339163,9,22499,121.511187000000010,31.256741000000002,121.517319142999990,31.260724178600000
408,56,408,0,1,408,0,339925,9,23036,121.522071000000000,31.262574000000001,121.528242571000010,31.260724178600000
409,32,409,0,1,409,0,340525,9,7882,121.532871000000000,31.263897000000000,121.539165999999990,31.260724178600000
410,13,410,0,1,410,0,341136,9,2284,121.547572000000000,31.265730000000001,121.550089429000000,31.260724178600000
411,34,411,0,1,411,0,341406,9,5261,121.555319999999990,31.260266000000001,121.561012856999990,31.260724178600000
412,27,412,0,1,412,0,341730,9,5956,121.565558000000000,31.266134999999998,121.571936286000000,31.260724178600000
413,29,413,0,1,413,0,342100,9,6986,121.576454000000000,31.260193999999998,121.582859713999990,31.260724178600000
414,25,414,0,1,414,0,342472,9,5090,121.587532999999990,31.256239000000001,121.593783143000000,31.260724178600000
415,39,415,0,1,415,0,342745,9,5404,121.599165000000000,31.260145000000001,121.604706570999990,31.260724178600000
416,31,416,0,1,416,0,342982,9,5798,121.609472999999990,31.265744999999999,121.615630000000000,31.260724178600000
417,21,417,0,1,417,0,343246,9,3865,121.620698000000000,31.258355000000002,121.626553429000000,31.260724178600000
418,9,418,0,1,418,0,343477,9,2287,121.633202000000000,31.265416999999999,121.637476857000000,31.260724178600000
419,19,419,0,1,419,0,343722,9,2678,121.646995000000000,31.264082999999999,121.648400286000000,31.260724178600000
420,9,420,0,1,420,0,325662,9,3274,121.349549999999990,31.274208000000002,121.353467714000000,31.269720535699999
421,16,421,0,1,421,0,326322,9,9181,121.362555000000000,31.269317999999998,121.364391143000010,31.269720535699999
422,28,422,0,1,422,0,326714,9,8662,121.369674000000000,31.271193000000000,121.375314571000000,31.269720535699999
423,51,423,0,1,423,0,327310,9,21640,121.379833000000000,31.274394999999998,121.386238000000010,31.269720535699999
424,37,424,0,1,424,0,328100,9,16099,121.390795000000000,31.264645999999999,121.397161428999990,31.269720535699999
425,52,425,0,1,425,0,329114,9,19527,121.401968000000000,31.269023000000001,121.408084857000010,31.269720535699999
426,48,426,0,1,426,0,330163,9,25495,121.414124000000000,31.267188999999998,121.419008285999990,31.269720535699999
427,48,427,0,1,427,0,331070,9,28332,121.423654000000000,31.274802999999999,121.429931714000010,31.269720535699999
428,52,428,0,1,428,0,332211,9,27018,121.434622000000000,31.270582000000001,121.440855142999990,31.269720535699999
429,66,429,0,1,429,0,333368,9,30835,121.445648000000010,31.265364999999999,121.451778571000010,31.269720535699999
430,73,430,0,1,430,0,334576,9,29662,121.456726000000000,31.271571000000002,121.462701999999990,31.269720535699999
431,90,431,0,1,431,0,335446,9,34415,121.467563000000000,31.268552000000000,121.473625428999990,31.269720535699999
432,82,432,0,1,432,0,336424,9,29802,121.478408000000000,31.271075000000000,121.484548856999990,31.269720535699999
433,52,433,0,1,433,0,337494,9,22378,121.489206999999990,31.265073000000001,121.495472285999990,31.269720535699999
434,54,434,0,1,434,0,338368,9,30464,121.500182000000000,31.274771999999999,121.506395714000010,31.269720535699999
435,47,435,0,1,435,0,339148,9,21423,121.510949999999990,31.267499000000001,121.517319142999990,31.269720535699999
436,59,436,0,1,436,0,339943,9,21393,121.522343000000010,31.266361000000000,121.528242571000010,31.269720535699999
437,57,437,0,1,437,0,340523,9,23674,121.532836000000000,31.272940999999999,121.539165999999990,31.269720535699999
438,22,438,0,1,438,0,340998,9,10849,121.544062000000000,31.268401999999998,121.550089429000000,31.269720535699999
439,12,439,0,1,439,0,341620,9,3248,121.562180000000000,31.264506999999998,121.561012856999990,31.269720535699999
440,23,440,0,1,440,0,341730,9,7386,121.565558000000000,31.266134999999998,121.571936286000000,31.269720535699999
441,36,441,0,1,441,0,342170,9,8129,121.578656000000000,31.265847000000001,121.582859713999990,31.269720535699999
442,31,442,0,1,442,0,342467,9,7224,121.587357999999990,31.272718000000001,121.593783143000000,31.269720535699999
443,28,443,0,1,443,0,342744,9,4208,121.598984000000000,31.268778999999999,121.604706570999990,31.269720535699999
444,18,444,0,1,444,0,342982,9,4846,121.609472999999990,31.265744999999999,121.615630000000000,31.269720535699999
445,22,445,0,1,445,0,343244,9,5270,121.620662000000000,31.272300999999999,121.626553429000000,31.269720535699999
446,12,446,0,1,446,0,343453,9,2847,121.632098000000000,31.270292000000001,121.637476857000000,31.269720535699999
447,21,447,0,1,447,0,343635,9,3788,121.641949000000000,31.267606000000001,121.648400286000000,31.269720535699999
448,17,448,0,1,448,0,325610,9,4882,121.348411000000000,31.280031000000001,121.353467714000000,31.278716892900000
449,33,449,0,1,449,0,326224,9,8844,121.360608000000000,31.282378000000001,121.364391143000010,31.278716892900000
450,26,450,0,1,450,0,326731,9,8248,121.370130000000000,31.273610000000001,121.375314571000000,31.278716892900000
451,31,451,0,1,451,0,327310,9,11044,121.379833000000000,31.274394999999998,121.386238000000010,31.278716892900000
452,45,452,0,1,452,0,328147,9,20484,121.391323000000000,31.273766999999999,121.397161428999990,31.278716892900000
453,49,453,0,1,453,0,329100,9,20469,121.401747000000000,31.281953999999999,121.408084857000010,31.278716892900000
454,50,454,0,1,454,0,330018,9,24521,121.412561999999990,31.281192999999998,121.419008285999990,31.278716892900000
455,41,455,0,1,455,0,331070,9,17043,121.423654000000000,31.274802999999999,121.429931714000010,31.278716892900000
456,44,456,0,1,456,0,332238,9,13462,121.434850999999990,31.273519000000000,121.440855142999990,31.278716892900000
457,72,457,0,1,457,0,333341,9,35211,121.445397000000000,31.275534000000000,121.451778571000010,31.278716892900000
458,46,458,0,1,458,0,334596,9,22959,121.456922000000010,31.277460000000001,121.462701999999990,31.278716892900000
459,73,459,0,1,459,0,335517,9,27027,121.468605999999990,31.280407000000000,121.473625428999990,31.278716892900000
460,76,460,0,1,460,0,336403,9,28487,121.478230999999990,31.277697000000000,121.484548856999990,31.278716892900000
461,73,461,0,1,461,0,337502,9,30626,121.489265000000000,31.278779000000000,121.495472285999990,31.278716892900000
462,65,462,0,1,462,0,338359,9,35483,121.499979999999990,31.280411999999998,121.506395714000010,31.278716892900000
463,57,463,0,1,463,0,339170,9,30986,121.511253000000000,31.275728000000001,121.517319142999990,31.278716892900000
464,41,464,0,1,464,0,339926,9,19714,121.522082999999990,31.279914999999999,121.528242571000010,31.278716892900000
465,44,465,0,1,465,0,340614,9,15901,121.534509000000000,31.279691000000000,121.539165999999990,31.278716892900000
466,32,466,0,1,466,0,341020,9,13798,121.544533000000000,31.280857999999998,121.550089429000000,31.278716892900000
467,8,467,0,1,467,0,341398,9,7635,121.555128000000000,31.277985999999999,121.561012856999990,31.278716892900000
468,19,468,0,1,468,0,341925,9,5356,121.571268000000000,31.280760000000001,121.571936286000000,31.278716892900000
469,39,469,0,1,469,0,342106,9,6235,121.576660000000000,31.278445999999999,121.582859713999990,31.278716892900000
470,32,470,0,1,470,0,342484,9,4623,121.588029000000010,31.278379000000001,121.593783143000000,31.278716892900000
471,25,471,0,1,471,0,342751,9,4556,121.599438000000010,31.281196999999999,121.604706570999990,31.278716892900000
472,16,472,0,1,472,0,342992,9,3545,121.609742999999990,31.277246000000002,121.615630000000000,31.278716892900000
473,13,473,0,1,473,0,343260,9,1447,121.621103000000010,31.278184000000000,121.626553429000000,31.278716892900000
474,12,474,0,1,474,0,343486,9,2976,121.633554000000000,31.278399000000000,121.637476857000000,31.278716892900000
475,28,475,0,1,475,0,343649,9,4217,121.642498000000000,31.283687000000000,121.648400286000000,31.278716892900000
476,31,476,0,1,476,0,325596,9,12965,121.348035000000000,31.285159000000000,121.353467714000000,31.287713249999999
477,28,477,0,1,477,0,326168,9,5361,121.359402000000000,31.287277000000000,121.364391143000010,31.287713249999999
478,24,478,0,1,478,0,326671,9,10434,121.368923000000000,31.285011000000001,121.375314571000000,31.287713249999999
479,25,479,0,1,479,0,327335,9,11654,121.380256000000000,31.287054999999999,121.386238000000010,31.287713249999999
480,40,480,0,1,480,0,328107,9,21833,121.390879000000000,31.288740000000001,121.397161428999990,31.287713249999999
481,44,481,0,1,481,0,329155,9,18651,121.402407000000000,31.284981999999999,121.408084857000010,31.287713249999999
482,59,482,0,1,482,0,330021,9,19354,121.412631000000000,31.285664000000001,121.419008285999990,31.287713249999999
483,39,483,0,1,483,0,331091,9,18834,121.423862000000000,31.290759000000001,121.429931714000010,31.287713249999999
484,51,484,0,1,484,0,332266,9,15617,121.435115999999990,31.285139999999998,121.440855142999990,31.287713249999999
485,49,485,0,1,485,0,333363,9,16328,121.445582000000000,31.285073000000001,121.451778571000010,31.287713249999999
486,43,486,0,1,486,0,334539,9,13334,121.456396000000000,31.284987999999998,121.462701999999990,31.287713249999999
487,59,487,0,1,487,0,335468,9,27497,121.467935000000000,31.286438000000000,121.473625428999990,31.287713249999999
488,103,488,0,1,488,0,336409,9,32561,121.478247000000000,31.287572999999998,121.484548856999990,31.287713249999999
489,69,489,0,1,489,0,337485,9,22596,121.489079000000000,31.292280000000002,121.495472285999990,31.287713249999999
490,57,490,0,1,490,0,338358,9,23710,121.499973999999990,31.288557000000001,121.506395714000010,31.287713249999999
491,46,491,0,1,491,0,339153,9,24701,121.511089000000000,31.290095999999998,121.517319142999990,31.287713249999999
492,39,492,0,1,492,0,339907,9,30877,121.521801999999990,31.289287000000002,121.528242571000010,31.287713249999999
493,33,493,0,1,493,0,340539,9,20841,121.533133000000010,31.286007000000001,121.539165999999990,31.287713249999999
494,34,494,0,1,494,0,340992,9,15542,121.543820999999990,31.284931000000000,121.550089429000000,31.287713249999999
495,8,495,0,1,495,0,341391,9,2814,121.554789000000000,31.289923000000002,121.561012856999990,31.287713249999999
496,16,496,0,1,496,0,341816,9,4802,121.567880000000000,31.286892999999999,121.571936286000000,31.287713249999999
497,25,497,0,1,497,0,342168,9,5145,121.578638000000000,31.292901000000001,121.582859713999990,31.287713249999999
498,14,498,0,1,498,0,342492,9,3362,121.588487000000000,31.291734999999999,121.593783143000000,31.287713249999999
499,28,499,0,1,499,0,342741,9,4860,121.598815000000000,31.290854000000000,121.604706570999990,31.287713249999999
500,9,500,0,1,500,0,343009,9,1805,121.610239000000010,31.292529999999999,121.615630000000000,31.287713249999999
501,6,501,0,1,501,0,343265,9,797,121.621211000000000,31.282292000000002,121.626553429000000,31.287713249999999
502,7,502,0,1,502,0,343594,9,958,121.640186000000000,31.284102000000001,121.637476857000000,31.287713249999999
503,6,503,0,1,503,0,343649,9,1159,121.642498000000000,31.283687000000000,121.648400286000000,31.287713249999999
504,15,504,0,1,504,0,325600,9,6177,121.348174000000000,31.292576000000000,121.353467714000000,31.296709607099999
505,11,505,0,1,505,0,326145,9,3502,121.358825000000000,31.299274000000000,121.364391143000010,31.296709607099999
506,10,506,0,1,506,0,326691,9,5041,121.369320000000000,31.297604000000000,121.375314571000000,31.296709607099999
507,8,507,0,1,507,0,327463,9,5863,121.382136000000000,31.292217000000001,121.386238000000010,31.296709607099999
508,23,508,0,1,508,0,328217,9,7409,121.392083000000000,31.297554000000002,121.397161428999990,31.296709607099999
509,32,509,0,1,509,0,329180,9,8369,121.402610999999990,31.295072999999999,121.408084857000010,31.296709607099999
510,18,510,0,1,510,0,330104,9,6349,121.413486000000010,31.296491000000000,121.419008285999990,31.296709607099999
511,38,511,0,1,511,0,331128,9,18435,121.424156999999990,31.299551000000001,121.429931714000010,31.296709607099999
512,56,512,0,1,512,0,332202,9,23928,121.434549000000000,31.296491000000000,121.440855142999990,31.296709607099999
513,31,513,0,1,513,0,333336,9,10163,121.445351000000000,31.298452999999999,121.451778571000010,31.296709607099999
514,40,514,0,1,514,0,334533,9,18624,121.456315000000000,31.295998000000001,121.462701999999990,31.296709607099999
515,43,515,0,1,515,0,335423,9,26565,121.467280000000000,31.299301000000000,121.473625428999990,31.296709607099999
516,79,516,0,1,516,0,336423,9,26208,121.478392000000000,31.292639000000001,121.484548856999990,31.296709607099999
517,58,517,0,1,517,0,337485,9,19802,121.489079000000000,31.292280000000002,121.495472285999990,31.296709607099999
518,79,518,0,1,518,0,338363,9,28698,121.500030000000000,31.297916000000001,121.506395714000010,31.296709607099999
519,64,519,0,1,519,0,339158,9,16248,121.511115000000000,31.301697000000001,121.517319142999990,31.296709607099999
520,40,520,0,1,520,0,339929,9,16873,121.522127000000000,31.302026999999999,121.528242571000010,31.296709607099999
521,38,521,0,1,521,0,340561,9,18840,121.533410000000000,31.291722000000000,121.539165999999990,31.296709607099999
522,29,522,0,1,522,0,341036,9,13720,121.544963999999990,31.292390000000001,121.550089429000000,31.296709607099999
523,6,523,0,1,523,0,341487,9,741,121.557864000000000,31.295712999999999,121.561012856999990,31.296709607099999
524,24,524,0,1,524,0,341757,9,3935,121.566244000000000,31.300030000000000,121.571936286000000,31.296709607099999
525,17,525,0,1,525,0,342168,9,3478,121.578638000000000,31.292901000000001,121.582859713999990,31.296709607099999
526,2,526,0,1,526,0,342492,9,1433,121.588487000000000,31.291734999999999,121.593783143000000,31.296709607099999
527,20,527,0,1,527,0,342754,9,5214,121.599486000000000,31.292724000000000,121.604706570999990,31.296709607099999
528,15,528,0,1,528,0,343009,9,1908,121.610239000000010,31.292529999999999,121.615630000000000,31.296709607099999
529,8,529,0,1,529,0,343294,9,1119,121.623154000000000,31.299707999999999,121.626553429000000,31.296709607099999
530,10,530,0,1,530,0,343521,9,1211,121.636276000000000,31.294371000000002,121.637476857000000,31.296709607099999
531,2,531,0,1,531,0,343704,9,159,121.645701000000000,31.299281000000001,121.648400286000000,31.296709607099999
532,12,532,0,1,532,0,325666,9,3885,121.349686000000010,31.311191000000001,121.353467714000000,31.305705964300000
533,11,533,0,1,533,0,326146,9,4438,121.358836999999990,31.310244999999998,121.364391143000010,31.305705964300000
534,3,534,0,1,534,0,326696,9,2008,121.369379000000000,31.308558999999999,121.375314571000000,31.305705964300000
535,13,535,0,1,535,0,327583,9,6732,121.383715000000000,31.309888000000001,121.386238000000010,31.305705964300000
536,24,536,0,1,536,0,328198,9,12117,121.391872000000010,31.302237000000002,121.397161428999990,31.305705964300000
537,31,537,0,1,537,0,329198,9,13454,121.402806000000000,31.305145000000000,121.408084857000010,31.305705964300000
538,15,538,0,1,538,0,330057,9,7558,121.413028999999990,31.304205000000000,121.419008285999990,31.305705964300000
539,23,539,0,1,539,0,331170,9,11435,121.424625000000010,31.305375000000002,121.429931714000010,31.305705964300000
540,38,540,0,1,540,0,332261,9,17683,121.435057000000000,31.306999999999999,121.440855142999990,31.305705964300000
541,16,541,0,1,541,0,333359,9,5965,121.445569000000010,31.307293000000001,121.451778571000010,31.305705964300000
542,38,542,0,1,542,0,334530,9,12335,121.456301999999990,31.311100000000000,121.462701999999990,31.305705964300000
543,46,543,0,1,543,0,335429,9,17426,121.467372999999990,31.305592000000001,121.473625428999990,31.305705964300000
544,54,544,0,1,544,0,336397,9,23929,121.478194000000000,31.305084000000001,121.484548856999990,31.305705964300000
545,42,545,0,1,545,0,337535,9,22422,121.489700000000000,31.302980999999999,121.495472285999990,31.305705964300000
546,92,546,0,1,546,0,338384,9,24807,121.500350000000000,31.302083000000000,121.506395714000010,31.305705964300000
547,71,547,0,1,547,0,339141,9,22086,121.510869000000000,31.302589999999999,121.517319142999990,31.305705964300000
548,49,548,0,1,548,0,339920,9,19770,121.522000000000010,31.310411999999999,121.528242571000010,31.305705964300000
549,44,549,0,1,549,0,340521,9,11254,121.532754000000000,31.307749000000001,121.539165999999990,31.305705964300000
550,15,550,0,1,550,0,341006,9,4678,121.544239000000000,31.310476000000001,121.550089429000000,31.305705964300000
551,6,551,0,1,551,0,341498,9,2144,121.558094999999990,31.306837999999999,121.561012856999990,31.305705964300000
552,17,552,0,1,552,0,341825,9,1603,121.568150000000000,31.305513999999999,121.571936286000000,31.305705964300000
553,18,553,0,1,553,0,342109,9,2417,121.576770999999990,31.305909000000000,121.582859713999990,31.305705964300000
554,7,554,0,1,554,0,342471,9,1644,121.587457000000000,31.302651999999998,121.593783143000000,31.305705964300000
555,27,555,0,1,555,0,342764,9,3824,121.600067000000000,31.306224000000000,121.604706570999990,31.305705964300000
556,16,556,0,1,556,0,343008,9,2794,121.610218000000000,31.310061000000001,121.615630000000000,31.305705964300000
557,11,557,0,1,557,0,343270,9,3033,121.621495000000000,31.309840000000001,121.626553429000000,31.305705964300000
558,9,558,0,1,558,0,343454,9,1191,121.632227000000000,31.303203000000000,121.637476857000000,31.305705964300000
559,7,559,0,1,559,0,343691,9,1042,121.644847000000000,31.305185999999999,121.648400286000000,31.305705964300000
560,14,560,0,1,560,0,325598,9,5291,121.348089000000000,31.312201999999999,121.353467714000000,31.314702321399999
561,8,561,0,1,561,0,326098,9,3196,121.357934000000000,31.316600999999999,121.364391143000010,31.314702321399999
562,27,562,0,1,562,0,326756,9,11929,121.370606000000000,31.315951999999999,121.375314571000000,31.314702321399999
563,48,563,0,1,563,0,327327,9,14902,121.380131000000010,31.317104000000000,121.386238000000010,31.314702321399999
564,34,564,0,1,564,0,328096,9,12301,121.390761000000000,31.313492000000000,121.397161428999990,31.314702321399999
565,18,565,0,1,565,0,329200,9,5813,121.402823000000000,31.311418000000000,121.408084857000010,31.314702321399999
566,6,566,0,1,566,0,330145,9,2800,121.413881000000000,31.319102000000001,121.419008285999990,31.314702321399999
567,25,567,0,1,567,0,331054,9,13884,121.423495000000000,31.313637000000000,121.429931714000010,31.314702321399999
568,56,568,0,1,568,0,332193,9,34081,121.434398000000000,31.316088000000001,121.440855142999990,31.314702321399999
569,42,569,0,1,569,0,333361,9,25834,121.445580000000010,31.311554999999998,121.451778571000010,31.314702321399999
570,34,570,0,1,570,0,334530,9,8087,121.456301999999990,31.311100000000000,121.462701999999990,31.314702321399999
571,23,571,0,1,571,0,335534,9,7450,121.468889000000000,31.315175000000000,121.473625428999990,31.314702321399999
572,38,572,0,1,572,0,336444,9,25836,121.478651000000000,31.311468999999999,121.484548856999990,31.314702321399999
573,23,573,0,1,573,0,337495,9,10037,121.489209000000000,31.312443999999999,121.495472285999990,31.314702321399999
574,23,574,0,1,574,0,338385,9,7193,121.500361000000000,31.319913000000000,121.506395714000010,31.314702321399999
575,51,575,0,1,575,0,339147,9,22524,121.510946000000000,31.319604000000002,121.517319142999990,31.314702321399999
576,47,576,0,1,576,0,339920,9,21494,121.522000000000010,31.310411999999999,121.528242571000010,31.314702321399999
577,26,577,0,1,577,0,340560,9,11545,121.533400000000000,31.316510000000001,121.539165999999990,31.314702321399999
578,12,578,0,1,578,0,341006,9,3771,121.544239000000000,31.310476000000001,121.550089429000000,31.314702321399999
579,10,579,0,1,579,0,341388,9,2363,121.554739000000000,31.315909000000001,121.561012856999990,31.314702321399999
580,19,580,0,1,580,0,341756,9,1066,121.566188999999990,31.318287999999999,121.571936286000000,31.314702321399999
581,14,581,0,1,581,0,342135,9,1669,121.577400999999990,31.318069000000001,121.582859713999990,31.314702321399999
582,7,582,0,1,582,0,342514,9,801,121.589312000000010,31.314402999999999,121.593783143000000,31.314702321399999
583,20,583,0,1,583,0,342779,9,3564,121.600489000000000,31.315099000000000,121.604706570999990,31.314702321399999
584,24,584,0,1,584,0,342975,9,4646,121.609168999999990,31.315218999999999,121.615630000000000,31.314702321399999
585,15,585,0,1,585,0,343237,9,2805,121.620349000000000,31.312068000000000,121.626553429000000,31.314702321399999
586,13,586,0,1,586,0,343437,9,1919,121.631056000000000,31.311349000000000,121.637476857000000,31.314702321399999
587,1,587,0,1,587,0,349669,9,46,121.653435000000000,31.317219999999999,121.648400286000000,31.314702321399999
588,9,588,0,1,588,0,325680,9,2367,121.350071000000000,31.324062999999999,121.353467714000000,31.323698678600000
589,9,589,0,1,589,0,326142,9,1424,121.358770000000010,31.326774000000000,121.364391143000010,31.323698678600000
590,15,590,0,1,590,0,326773,9,4081,121.370907000000000,31.319922999999999,121.375314571000000,31.323698678600000
591,41,591,0,1,591,0,327406,9,9909,121.381296000000010,31.327629999999999,121.386238000000010,31.323698678600000
592,33,592,0,1,592,0,328114,9,7346,121.390981000000000,31.318417000000000,121.397161428999990,31.323698678600000
593,17,593,0,1,593,0,329147,9,2398,121.402358000000010,31.326981000000000,121.408084857000010,31.323698678600000
594,10,594,0,1,594,0,330145,9,2595,121.413881000000000,31.319102000000001,121.419008285999990,31.323698678600000
595,40,595,0,1,595,0,331142,9,13654,121.424317000000000,31.321400000000001,121.429931714000010,31.323698678600000
596,55,596,0,1,596,0,332194,9,19302,121.434414000000000,31.320053000000001,121.440855142999990,31.323698678600000
597,25,597,0,1,597,0,333377,9,14828,121.445717000000000,31.326922000000000,121.451778571000010,31.323698678600000
598,28,598,0,1,598,0,334734,9,7679,121.458470000000010,31.327228999999999,121.462701999999990,31.323698678600000
599,38,599,0,1,599,0,335430,9,10960,121.467378999999990,31.321698000000001,121.473625428999990,31.323698678600000
600,31,600,0,1,600,0,336389,9,12110,121.478129999999990,31.322994999999999,121.484548856999990,31.323698678600000
601,12,601,0,1,601,0,337499,9,4698,121.489238000000000,31.322547000000000,121.495472285999990,31.323698678600000
602,20,602,0,1,602,0,338385,9,3138,121.500361000000000,31.319913000000000,121.506395714000010,31.323698678600000
603,28,603,0,1,603,0,339147,9,9662,121.510946000000000,31.319604000000002,121.517319142999990,31.323698678600000
604,48,604,0,1,604,0,339928,9,23324,121.522122000000000,31.323115000000001,121.528242571000010,31.323698678600000
605,25,605,0,1,605,0,340522,9,12198,121.532756000000010,31.321549000000001,121.539165999999990,31.323698678600000
606,11,606,0,1,606,0,341080,9,3561,121.546169000000010,31.326273000000000,121.550089429000000,31.323698678600000
607,12,607,0,1,607,0,341591,9,1466,121.561254000000010,31.320218000000001,121.561012856999990,31.323698678600000
608,17,608,0,1,608,0,341735,9,1613,121.565715000000000,31.328755999999998,121.571936286000000,31.323698678600000
609,28,609,0,1,609,0,342190,9,2474,121.579445000000010,31.325246000000000,121.582859713999990,31.323698678600000
610,19,610,0,1,610,0,342469,9,1709,121.587368000000000,31.327373999999999,121.593783143000000,31.323698678600000
611,31,611,0,1,611,0,342791,9,4925,121.600948000000000,31.320588999999998,121.604706570999990,31.323698678600000
612,23,612,0,1,612,0,342979,9,2724,121.609337000000000,31.326747999999998,121.615630000000000,31.323698678600000
613,16,613,0,1,613,0,343272,9,2375,121.621592000000010,31.318352999999998,121.626553429000000,31.323698678600000
614,9,614,0,1,614,0,343450,9,881,121.631895000000000,31.320982999999998,121.637476857000000,31.323698678600000
615,11,615,0,1,615,0,343672,9,1393,121.643441999999990,31.323955999999999,121.648400286000000,31.323698678600000
616,10,616,0,1,616,0,325768,9,1199,121.351254000000000,31.330950999999999,121.353467714000000,31.332695035699999
617,13,617,0,1,617,0,326110,9,2361,121.358144999999990,31.332394000000001,121.364391143000010,31.332695035699999
618,12,618,0,1,618,0,326782,9,2141,121.370981000000000,31.330994000000000,121.375314571000000,31.332695035699999
619,15,619,0,1,619,0,327406,9,3258,121.381296000000010,31.327629999999999,121.386238000000010,31.332695035699999
620,33,620,0,1,620,0,328256,9,6120,121.392461999999990,31.333320000000001,121.397161428999990,31.332695035699999
621,17,621,0,1,621,0,329107,9,4382,121.401875000000000,31.333603000000000,121.408084857000010,31.332695035699999
622,14,622,0,1,622,0,330023,9,4114,121.412676000000000,31.334294000000000,121.419008285999990,31.332695035699999
623,31,623,0,1,623,0,331123,9,9992,121.424117000000000,31.330138999999999,121.429931714000010,31.332695035699999
624,44,624,0,1,624,0,332236,9,16684,121.434826000000000,31.327271000000000,121.440855142999990,31.332695035699999
625,39,625,0,1,625,0,333378,9,17076,121.445732000000010,31.335722000000001,121.451778571000010,31.332695035699999
626,24,626,0,1,626,0,334526,9,9210,121.456267999999990,31.330494000000002,121.462701999999990,31.332695035699999
627,23,627,0,1,627,0,335562,9,9457,121.469153000000010,31.337043000000001,121.473625428999990,31.332695035699999
628,29,628,0,1,628,0,336386,9,9655,121.478122000000000,31.334678000000000,121.484548856999990,31.332695035699999
629,15,629,0,1,629,0,337521,9,2811,121.489491000000000,31.329840000000001,121.495472285999990,31.332695035699999
630,28,630,0,1,630,0,338622,9,3037,121.503297000000000,31.333030000000001,121.506395714000010,31.332695035699999
631,23,631,0,1,631,0,339151,9,5068,121.511052000000010,31.331251999999999,121.517319142999990,31.332695035699999
632,32,632,0,1,632,0,339914,9,16634,121.521917000000000,31.330535999999999,121.528242571000010,31.332695035699999
633,20,633,0,1,633,0,340551,9,12230,121.533300000000000,31.336158999999999,121.539165999999990,31.332695035699999
634,10,634,0,1,634,0,341022,9,3648,121.544569000000000,31.333908000000001,121.550089429000000,31.332695035699999
635,14,635,0,1,635,0,341481,9,1855,121.557705000000000,31.333093999999999,121.561012856999990,31.332695035699999
636,27,636,0,1,636,0,341735,9,2178,121.565715000000000,31.328755999999998,121.571936286000000,31.332695035699999
637,30,637,0,1,637,0,342137,9,3910,121.577416000000000,31.336798999999999,121.582859713999990,31.332695035699999
638,39,638,0,1,638,0,342469,9,4112,121.587368000000000,31.327373999999999,121.593783143000000,31.332695035699999
639,22,639,0,1,639,0,342743,9,2456,121.598964000000000,31.334361000000001,121.604706570999990,31.332695035699999
640,18,640,0,1,640,0,342991,9,3218,121.609727000000010,31.327570000000001,121.615630000000000,31.332695035699999
641,5,641,0,1,641,0,343254,9,623,121.620952000000000,31.331265999999999,121.626553429000000,31.332695035699999
642,9,642,0,1,642,0,343448,9,1967,121.631778000000000,31.337492000000001,121.637476857000000,31.332695035699999
643,2,643,0,1,643,0,343723,9,126,121.646995000000000,31.332978000000001,121.648400286000000,31.332695035699999
644,6,644,0,1,644,0,325851,9,885,121.353070000000000,31.346826000000000,121.353467714000000,31.341691392900000
645,13,645,0,1,645,0,326127,9,4557,121.358431000000000,31.344194999999999,121.364391143000010,31.341691392900000
646,10,646,0,1,646,0,326768,9,2928,121.370833000000000,31.346468000000002,121.375314571000000,31.341691392900000
647,16,647,0,1,647,0,327472,9,5908,121.382205000000000,31.343706999999998,121.386238000000010,31.341691392900000
648,18,648,0,1,648,0,328262,9,5089,121.392546999999990,31.345071000000001,121.397161428999990,31.341691392900000
649,9,649,0,1,649,0,329098,9,3222,121.401736000000000,31.339247000000000,121.408084857000010,31.341691392900000
650,13,650,0,1,650,0,330034,9,3198,121.412799000000010,31.341470000000001,121.419008285999990,31.341691392900000
651,25,651,0,1,651,0,331239,9,7431,121.425269000000000,31.347156999999999,121.429931714000010,31.341691392900000
652,29,652,0,1,652,0,332224,9,15708,121.434707000000000,31.342921000000000,121.440855142999990,31.341691392900000
653,34,653,0,1,653,0,333419,9,13622,121.446062000000000,31.341739000000000,121.451778571000010,31.341691392900000
654,13,654,0,1,654,0,334850,9,3213,121.459946000000000,31.345521000000002,121.462701999999990,31.341691392900000
655,39,655,0,1,655,0,335489,9,10136,121.468200000000000,31.342120999999999,121.473625428999990,31.341691392900000
656,38,656,0,1,656,0,336398,9,12888,121.478202999999990,31.344427000000000,121.484548856999990,31.341691392900000
657,25,657,0,1,657,0,337563,9,6904,121.490044000000000,31.344004000000002,121.495472285999990,31.341691392900000
658,13,658,0,1,658,0,338399,9,2851,121.500476000000010,31.342151999999999,121.506395714000010,31.341691392900000
659,13,659,0,1,659,0,339184,9,4360,121.511449000000000,31.346354999999999,121.517319142999990,31.341691392900000
660,14,660,0,1,660,0,339940,9,3612,121.522328000000000,31.342435999999999,121.528242571000010,31.341691392900000
661,5,661,0,1,661,0,340790,9,2922,121.538234000000000,31.336907000000000,121.539165999999990,31.341691392900000
662,4,662,0,1,662,0,341338,9,257,121.553314000000000,31.343257999999999,121.550089429000000,31.341691392900000
663,19,663,0,1,663,0,341415,9,2326,121.555486000000000,31.343648000000002,121.561012856999990,31.341691392900000
664,49,664,0,1,664,0,341749,9,8406,121.565950000000000,31.342051000000001,121.571936286000000,31.341691392900000
665,55,665,0,1,665,0,342103,9,6543,121.576587000000000,31.346861000000001,121.582859713999990,31.341691392900000
666,43,666,0,1,666,0,342468,9,4431,121.587360000000000,31.341256000000001,121.593783143000000,31.341691392900000
667,15,667,0,1,667,0,342735,9,1212,121.598271999999990,31.346087000000001,121.604706570999990,31.341691392900000
668,7,668,0,1,668,0,342977,9,904,121.609294000000010,31.340937000000000,121.615630000000000,31.341691392900000
669,2,669,0,1,669,0,343402,9,1495,121.629233000000000,31.344327000000000,121.626553429000000,31.341691392900000
670,4,670,0,1,670,0,343448,9,2298,121.631778000000000,31.337492000000001,121.637476857000000,31.341691392900000
671,0,671,0,1,671,0,0,0,0,0.000000000000000,0.000000000000000,121.648400286000000,31.341691392900000
672,26,672,0,1,672,0,325616,9,5585,121.348622000000010,31.349402999999999,121.353467714000000,31.350687749999999
673,35,673,0,1,673,0,326147,9,7959,121.358911000000010,31.351331999999999,121.364391143000010,31.350687749999999
674,23,674,0,1,674,0,326747,9,8336,121.370425000000000,31.354808999999999,121.375314571000000,31.350687749999999
675,19,675,0,1,675,0,327365,9,6675,121.380641999999990,31.350543999999999,121.386238000000010,31.350687749999999
676,26,676,0,1,676,0,328128,9,7426,121.391111000000000,31.352630000000001,121.397161428999990,31.350687749999999
677,17,677,0,1,677,0,329170,9,4635,121.402530000000000,31.352134000000000,121.408084857000010,31.350687749999999
678,24,678,0,1,678,0,330084,9,4609,121.413279000000000,31.353718000000001,121.419008285999990,31.350687749999999
679,39,679,0,1,679,0,331094,9,7820,121.423882000000010,31.355530999999999,121.429931714000010,31.350687749999999
680,12,680,0,1,680,0,332197,9,2278,121.434458000000010,31.349705000000000,121.440855142999990,31.350687749999999
681,12,681,0,1,681,0,333544,9,4291,121.447333000000000,31.355737999999999,121.451778571000010,31.350687749999999
682,9,682,0,1,682,0,334556,9,2867,121.456537000000000,31.352737000000001,121.462701999999990,31.350687749999999
683,15,683,0,1,683,0,335474,9,3946,121.467994000000000,31.351749999999999,121.473625428999990,31.350687749999999
684,21,684,0,1,684,0,336514,9,6867,121.479215999999990,31.348666000000001,121.484548856999990,31.350687749999999
685,21,685,0,1,685,0,337615,9,7028,121.490656000000000,31.345538999999999,121.495472285999990,31.350687749999999
686,8,686,0,1,686,0,338405,9,2693,121.500622000000010,31.350594999999998,121.506395714000010,31.350687749999999
687,6,687,0,1,687,0,339184,9,1464,121.511449000000000,31.346354999999999,121.517319142999990,31.350687749999999
688,9,688,0,1,688,0,339942,9,740,121.522339000000000,31.351997000000001,121.528242571000010,31.350687749999999
689,14,689,0,1,689,0,340554,9,1740,121.533354000000000,31.351717000000001,121.539165999999990,31.350687749999999
690,14,690,0,1,690,0,341005,9,1585,121.544231999999990,31.353005000000000,121.550089429000000,31.350687749999999
691,24,691,0,1,691,0,341386,9,3611,121.554598000000000,31.355696999999999,121.561012856999990,31.350687749999999
692,45,692,0,1,692,0,341794,9,6818,121.567321000000010,31.347863000000000,121.571936286000000,31.350687749999999
693,43,693,0,1,693,0,342103,9,3907,121.576587000000000,31.346861000000001,121.582859713999990,31.350687749999999
694,17,694,0,1,694,0,342508,9,1399,121.589100000000000,31.346498000000000,121.593783143000000,31.350687749999999
695,3,695,0,1,695,0,342735,9,115,121.598271999999990,31.346087000000001,121.604706570999990,31.350687749999999
696,3,696,0,1,696,0,343053,9,327,121.612235000000000,31.353356000000002,121.615630000000000,31.350687749999999
697,0,697,0,1,697,0,0,0,0,0.000000000000000,0.000000000000000,121.626553429000000,31.350687749999999
698,0,698,0,1,698,0,0,0,0,0.000000000000000,0.000000000000000,121.637476857000000,31.350687749999999
699,0,699,0,1,699,0,0,0,0,0.000000000000000,0.000000000000000,121.648400286000000,31.350687749999999
700,11,700,0,1,700,0,325733,9,4623,121.350853000000000,31.358239000000001,121.353467714000000,31.359684107100001
701,23,701,0,1,701,0,326171,9,6813,121.359437000000000,31.354702000000000,121.364391143000010,31.359684107100001
702,17,702,0,1,702,0,326694,9,5516,121.369333999999990,31.364411000000000,121.375314571000000,31.359684107100001
703,12,703,0,1,703,0,327683,9,5523,121.385166000000000,31.356673000000001,121.386238000000010,31.359684107100001
704,10,704,0,1,704,0,328232,9,4211,121.392180000000000,31.359691999999999,121.397161428999990,31.359684107100001
705,16,705,0,1,705,0,329116,9,6013,121.401988000000000,31.363443000000000,121.408084857000010,31.359684107100001
706,18,706,0,1,706,0,330376,9,3417,121.416487000000000,31.356831000000000,121.419008285999990,31.359684107100001
707,30,707,0,1,707,0,331055,9,6841,121.423508000000000,31.357462000000002,121.429931714000010,31.359684107100001
708,18,708,0,1,708,0,332405,9,5013,121.436381999999990,31.364191999999999,121.440855142999990,31.359684107100001
709,16,709,0,1,709,0,333337,9,5777,121.445359999999990,31.361802999999998,121.451778571000010,31.359684107100001
710,10,710,0,1,710,0,334869,9,604,121.460325000000000,31.361446999999998,121.462701999999990,31.359684107100001
711,5,711,0,1,711,0,335828,9,793,121.472085000000010,31.357254000000001,121.473625428999990,31.359684107100001
712,10,712,0,1,712,0,336402,9,3218,121.478224999999990,31.364521000000000,121.484548856999990,31.359684107100001
713,16,713,0,1,713,0,337505,9,4670,121.489313000000000,31.364021000000001,121.495472285999990,31.359684107100001
714,1,714,0,1,714,0,338996,9,206,121.508754999999990,31.361974000000000,121.506395714000010,31.359684107100001
715,4,715,0,1,715,0,339413,9,477,121.514639000000000,31.358217000000000,121.517319142999990,31.359684107100001
716,6,716,0,1,716,0,339908,9,357,121.521821000000000,31.356542000000001,121.528242571000010,31.359684107100001
717,7,717,0,1,717,0,340636,9,1098,121.534865999999990,31.359095000000000,121.539165999999990,31.359684107100001
718,12,718,0,1,718,0,341142,9,937,121.547813000000000,31.364716999999999,121.550089429000000,31.359684107100001
719,8,719,0,1,719,0,341386,9,862,121.554598000000000,31.355696999999999,121.561012856999990,31.359684107100001
720,18,720,0,1,720,0,341786,9,1163,121.566969000000000,31.363453000000000,121.571936286000000,31.359684107100001
721,15,721,0,1,721,0,342145,9,1470,121.577641000000000,31.354289999999999,121.582859713999990,31.359684107100001
722,2,722,0,1,722,0,349429,9,216,121.597010999999990,31.360590999999999,121.593783143000000,31.359684107100001
723,2,723,0,1,723,0,351667,9,300,121.603727000000010,31.358073999999998,121.604706570999990,31.359684107100001
724,1,724,0,1,724,0,343280,9,81,121.621979000000000,31.362107999999999,121.615630000000000,31.359684107100001
725,1,725,0,1,725,0,343280,9,81,121.621979000000000,31.362107999999999,121.626553429000000,31.359684107100001
726,0,726,0,1,726,0,0,0,0,0.000000000000000,0.000000000000000,121.637476857000000,31.359684107100001
727,0,727,0,1,727,0,0,0,0,0.000000000000000,0.000000000000000,121.648400286000000,31.359684107100001
728,9,728,0,1,728,0,325640,9,2936,121.349052000000000,31.366112000000001,121.353467714000000,31.368680464299999
729,14,729,0,1,729,0,326137,9,4248,121.358665000000000,31.366429000000000,121.364391143000010,31.368680464299999
730,8,730,0,1,730,0,326694,9,1910,121.369333999999990,31.364411000000000,121.375314571000000,31.368680464299999
731,8,731,0,1,731,0,327319,9,1157,121.380021000000000,31.365583000000001,121.386238000000010,31.368680464299999
732,12,732,0,1,732,0,328226,9,4832,121.392124000000000,31.372237999999999,121.397161428999990,31.368680464299999
733,15,733,0,1,733,0,329090,9,6451,121.401644000000000,31.367208000000002,121.408084857000010,31.368680464299999
734,10,734,0,1,734,0,330177,9,4205,121.414347000000010,31.368048999999999,121.419008285999990,31.368680464299999
735,31,735,0,1,735,0,331212,9,10406,121.425025000000010,31.372907000000001,121.429931714000010,31.368680464299999
736,19,736,0,1,736,0,332277,9,7227,121.435253000000000,31.370139999999999,121.440855142999990,31.368680464299999
737,14,737,0,1,737,0,333386,9,3604,121.445773000000000,31.371773000000001,121.451778571000010,31.368680464299999
738,12,738,0,1,738,0,334555,9,2712,121.456517000000010,31.365781999999999,121.462701999999990,31.368680464299999
739,12,739,0,1,739,0,335444,9,3428,121.467553000000000,31.372288999999999,121.473625428999990,31.368680464299999
740,34,740,0,1,740,0,336402,9,10366,121.478224999999990,31.364521000000000,121.484548856999990,31.368680464299999
741,23,741,0,1,741,0,337489,9,7750,121.489116000000000,31.372022000000001,121.495472285999990,31.368680464299999
742,2,742,0,1,742,0,338844,9,704,121.506663000000000,31.371335999999999,121.506395714000010,31.368680464299999
743,6,743,0,1,743,0,339295,9,324,121.513153000000000,31.366430000000001,121.517319142999990,31.368680464299999
744,3,744,0,1,744,0,340369,9,356,121.529683000000010,31.373145000000001,121.528242571000010,31.368680464299999
745,10,745,0,1,745,0,340640,9,2094,121.534936000000000,31.364618000000000,121.539165999999990,31.368680464299999
746,12,746,0,1,746,0,341026,9,947,121.544672000000010,31.365966000000000,121.550089429000000,31.368680464299999
747,10,747,0,1,747,0,341461,9,792,121.557107000000000,31.366876999999999,121.561012856999990,31.368680464299999
748,3,748,0,1,748,0,341786,9,102,121.566969000000000,31.363453000000000,121.571936286000000,31.368680464299999
749,7,749,0,1,749,0,342159,9,575,121.578199000000000,31.363216999999999,121.582859713999990,31.368680464299999
750,1,750,0,1,750,0,342554,9,100,121.591023000000010,31.368501999999999,121.593783143000000,31.368680464299999
751,0,751,0,1,751,0,0,0,0,0.000000000000000,0.000000000000000,121.604706570999990,31.368680464299999
752,0,752,0,1,752,0,0,0,0,0.000000000000000,0.000000000000000,121.615630000000000,31.368680464299999
753,0,753,0,1,753,0,0,0,0,0.000000000000000,0.000000000000000,121.626553429000000,31.368680464299999
754,0,754,0,1,754,0,0,0,0,0.000000000000000,0.000000000000000,121.637476857000000,31.368680464299999
755,0,755,0,1,755,0,0,0,0,0.000000000000000,0.000000000000000,121.648400286000000,31.368680464299999
756,8,756,0,1,756,0,325644,9,1483,121.349110999999990,31.382093999999999,121.353467714000000,31.377676821400001
757,8,757,0,1,757,0,326154,9,2014,121.359014000000000,31.379280000000001,121.364391143000010,31.377676821400001
758,3,758,0,1,758,0,326712,9,792,121.369664000000000,31.373843999999998,121.375314571000000,31.377676821400001
759,7,759,0,1,759,0,327337,9,1684,121.380277000000010,31.372722000000000,121.386238000000010,31.377676821400001
760,6,760,0,1,760,0,328099,9,2696,121.390784999999990,31.374797999999998,121.397161428999990,31.377676821400001
761,7,761,0,1,761,0,329139,9,3180,121.402238000000000,31.373003000000001,121.408084857000010,31.377676821400001
762,10,762,0,1,762,0,330340,9,2327,121.416143000000010,31.372271999999999,121.419008285999990,31.377676821400001
763,22,763,0,1,763,0,331212,9,7062,121.425025000000010,31.372907000000001,121.429931714000010,31.377676821400001
764,14,764,0,1,764,0,332263,9,5996,121.435084000000000,31.380168999999999,121.440855142999990,31.377676821400001
765,15,765,0,1,765,0,333447,9,3875,121.446442000000000,31.381370000000000,121.451778571000010,31.377676821400001
766,13,766,0,1,766,0,334543,9,3621,121.456434000000000,31.381914999999999,121.462701999999990,31.377676821400001
767,6,767,0,1,767,0,335444,9,2033,121.467553000000000,31.372288999999999,121.473625428999990,31.377676821400001
768,24,768,0,1,768,0,336574,9,9296,121.479834999999990,31.378941000000001,121.484548856999990,31.377676821400001
769,36,769,0,1,769,0,337490,9,10417,121.489126000000000,31.375373000000000,121.495472285999990,31.377676821400001
770,9,770,0,1,770,0,338417,9,2661,121.500707000000010,31.377314999999999,121.506395714000010,31.377676821400001
771,12,771,0,1,771,0,339157,9,1189,121.511112000000000,31.377607000000001,121.517319142999990,31.377676821400001
772,9,772,0,1,772,0,340122,9,828,121.525567000000000,31.375651999999999,121.528242571000010,31.377676821400001
773,7,773,0,1,773,0,340666,9,381,121.535304000000000,31.373725000000000,121.539165999999990,31.377676821400001
774,3,774,0,1,774,0,349045,9,208,121.546120000000000,31.379968999999999,121.550089429000000,31.377676821400001
775,2,775,0,1,775,0,349113,9,168,121.555184000000000,31.377340000000000,121.561012856999990,31.377676821400001
776,2,776,0,1,776,0,342076,9,64,121.575534000000000,31.373380999999998,121.571936286000000,31.377676821400001
777,0,777,0,1,777,0,0,0,0,0.000000000000000,0.000000000000000,121.582859713999990,31.377676821400001
778,0,778,0,1,778,0,0,0,0,0.000000000000000,0.000000000000000,121.593783143000000,31.377676821400001
779,0,779,0,1,779,0,0,0,0,0.000000000000000,0.000000000000000,121.604706570999990,31.377676821400001
780,0,780,0,1,780,0,0,0,0,0.000000000000000,0.000000000000000,121.615630000000000,31.377676821400001
781,0,781,0,1,781,0,0,0,0,0.000000000000000,0.000000000000000,121.626553429000000,31.377676821400001
782,0,782,0,1,782,0,0,0,0,0.000000000000000,0.000000000000000,121.637476857000000,31.377676821400001
783,0,783,0,1,783,0,0,0,0,0.000000000000000,0.000000000000000,121.648400286000000,31.377676821400001