FID,Join_Count,TARGET_FID,Id,Join_Cou_1,TARGET_F_1,Id_1,Field1,hour,freq,longitude,altitude,long,lat
0,13,0,0,1,0,0,288865,8,10558,121.349208000000000,31.132218999999999,121.353467714000000,31.134775178600002
1,23,1,0,1,1,0,289321,8,12085,121.358041000000000,31.137540999999999,121.364391143000010,31.134775178600002
2,26,2,0,1,2,0,289891,8,10818,121.368956999999990,31.134926000000000,121.375314571000000,31.134775178600002
3,27,3,0,1,3,0,290528,8,8231,121.379848000000000,31.139644000000001,121.386238000000010,31.134775178600002
4,38,4,0,1,4,0,291354,8,23605,121.391234000000000,31.135549999999999,121.397161428999990,31.134775178600002
5,42,5,0,1,5,0,292382,8,24285,121.402511000000000,31.138152000000002,121.408084857000010,31.134775178600002
6,43,6,0,1,6,0,293247,8,20147,121.412739000000000,31.136922999999999,121.419008285999990,31.134775178600002
7,38,7,0,1,7,0,294276,8,14767,121.423554000000000,31.134657000000001,121.429931714000010,31.134775178600002
8,25,8,0,1,8,0,295437,8,10875,121.434698000000000,31.136410000000001,121.440855142999990,31.134775178600002
9,26,9,0,1,9,0,296563,8,7353,121.445446000000000,31.139651000000001,121.451778571000010,31.134775178600002
10,4,10,0,1,10,0,298481,8,2463,121.465279000000000,31.134563000000000,121.462701999999990,31.134775178600002
11,21,11,0,1,11,0,298755,8,5152,121.468919000000000,31.138406000000000,121.473625428999990,31.134775178600002
12,21,12,0,1,12,0,299700,8,6444,121.479003000000010,31.132885000000002,121.484548856999990,31.134775178600002
13,18,13,0,1,13,0,300724,8,7038,121.489402000000000,31.133378000000000,121.495472285999990,31.134775178600002
14,12,14,0,1,14,0,301739,8,5068,121.502054000000000,31.136531000000002,121.506395714000010,31.134775178600002
15,18,15,0,1,15,0,302470,8,8308,121.512562000000000,31.137810999999999,121.517319142999990,31.134775178600002
16,10,16,0,1,16,0,303172,8,4426,121.522551000000010,31.133606000000000,121.528242571000010,31.134775178600002
17,11,17,0,1,17,0,303752,8,4954,121.533123000000000,31.132600000000000,121.539165999999990,31.134775178600002
18,11,18,0,1,18,0,304374,8,6698,121.548143999999990,31.130938000000000,121.550089429000000,31.134775178600002
19,14,19,0,1,19,0,304685,8,2884,121.557351000000000,31.137219999999999,121.561012856999990,31.134775178600002
20,21,20,0,1,20,0,304988,8,2361,121.566678000000000,31.138030000000001,121.571936286000000,31.134775178600002
21,10,21,0,1,21,0,305340,8,1740,121.577169000000000,31.131931999999999,121.582859713999990,31.134775178600002
22,8,22,0,1,22,0,305721,8,2553,121.589063000000000,31.130773999999999,121.593783143000000,31.134775178600002
23,14,23,0,1,23,0,305989,8,2774,121.600334000000000,31.138536999999999,121.604706570999990,31.134775178600002
24,35,24,0,1,24,0,306190,8,15692,121.609202000000000,31.140145000000000,121.615630000000000,31.134775178600002
25,6,25,0,1,25,0,306521,8,4340,121.623847000000000,31.133714000000001,121.626553429000000,31.134775178600002
26,1,26,0,1,26,0,306819,8,515,121.640602000000000,31.138006000000001,121.637476857000000,31.134775178600002
27,2,27,0,1,27,0,306952,8,2147,121.648467999999990,31.134027000000000,121.648400286000000,31.134775178600002
28,35,28,0,1,28,0,288835,8,17448,121.348715000000000,31.146977000000000,121.353467714000000,31.143771535700001
29,27,29,0,1,29,0,289320,8,8861,121.358027000000010,31.143583000000000,121.364391143000010,31.143771535700001
30,20,30,0,1,30,0,289932,8,10462,121.369676000000000,31.147634000000000,121.375314571000000,31.143771535700001
31,33,31,0,1,31,0,290528,8,11684,121.379848000000000,31.139644000000001,121.386238000000010,31.143771535700001
32,38,32,0,1,32,0,291337,8,17184,121.391045000000010,31.142271999999998,121.397161428999990,31.143771535700001
33,66,33,0,1,33,0,292320,8,44794,121.401782000000000,31.144473000000001,121.408084857000010,31.143771535700001
34,65,34,0,1,34,0,293241,8,18700,121.412696000000000,31.141735000000001,121.419008285999990,31.143771535700001
35,46,35,0,1,35,0,294271,8,19089,121.423514999999990,31.143833000000001,121.429931714000010,31.143771535700001
36,44,36,0,1,36,0,295425,8,13879,121.434617000000000,31.144217000000001,121.440855142999990,31.143771535700001
37,25,37,0,1,37,0,296553,8,11078,121.445363000000000,31.144055000000002,121.451778571000010,31.143771535700001
38,12,38,0,1,38,0,297768,8,3084,121.456509999999990,31.145731999999999,121.462701999999990,31.143771535700001
39,13,39,0,1,39,0,298660,8,4045,121.467555000000000,31.147251000000001,121.473625428999990,31.143771535700001
40,31,40,0,1,40,0,299611,8,9342,121.478190000000000,31.149249999999999,121.484548856999990,31.143771535700001
41,28,41,0,1,41,0,300700,8,11883,121.489081000000000,31.147058999999999,121.495472285999990,31.143771535700001
42,16,42,0,1,42,0,301698,8,12204,121.501557000000010,31.144050000000000,121.506395714000010,31.143771535700001
43,26,43,0,1,43,0,302361,8,11520,121.510943999999990,31.143612000000001,121.517319142999990,31.143771535700001
44,24,44,0,1,44,0,303132,8,6184,121.521984000000000,31.141300000000001,121.528242571000010,31.143771535700001
45,12,45,0,1,45,0,303786,8,3009,121.533648000000000,31.141047000000000,121.539165999999990,31.143771535700001
46,18,46,0,1,46,0,304206,8,4423,121.543696000000000,31.148285000000001,121.550089429000000,31.143771535700001
47,20,47,0,1,47,0,304617,8,2812,121.555259000000010,31.148157000000001,121.561012856999990,31.143771535700001
48,12,48,0,1,48,0,304965,8,2050,121.565979000000000,31.146111000000001,121.571936286000000,31.143771535700001
49,9,49,0,1,49,0,305346,8,844,121.577336000000000,31.148315000000000,121.582859713999990,31.143771535700001
50,6,50,0,1,50,0,305708,8,1285,121.588530000000010,31.144810000000000,121.593783143000000,31.143771535700001
51,19,51,0,1,51,0,305985,8,5688,121.600235000000000,31.142835000000002,121.604706570999990,31.143771535700001
52,33,52,0,1,52,0,306190,8,9568,121.609202000000000,31.140145000000000,121.615630000000000,31.143771535700001
53,10,53,0,1,53,0,306477,8,2988,121.621200000000000,31.149145999999998,121.626553429000000,31.143771535700001
54,3,54,0,1,54,0,306663,8,1517,121.631825000000010,31.142721000000002,121.637476857000000,31.143771535700001
55,2,55,0,1,55,0,306908,8,1673,121.645218000000000,31.146868000000001,121.648400286000000,31.143771535700001
56,29,56,0,1,56,0,288821,8,16741,121.348273000000010,31.152069000000001,121.353467714000000,31.152767892899998
57,33,57,0,1,57,0,289355,8,15093,121.358694000000000,31.151637000000001,121.364391143000010,31.152767892899998
58,32,58,0,1,58,0,289914,8,15035,121.369387000000000,31.158086000000001,121.375314571000000,31.152767892899998
59,24,59,0,1,59,0,290538,8,13784,121.380056999999990,31.154333000000001,121.386238000000010,31.152767892899998
60,37,60,0,1,60,0,291352,8,12416,121.391187000000000,31.150359999999999,121.397161428999990,31.152767892899998
61,77,61,0,1,61,0,292344,8,13453,121.402103999999990,31.148309999999999,121.408084857000010,31.152767892899998
62,84,62,0,1,62,0,293242,8,18799,121.412701000000000,31.157708000000000,121.419008285999990,31.152767892899998
63,88,63,0,1,63,0,294277,8,18989,121.423556000000000,31.157465999999999,121.429931714000010,31.152767892899998
64,40,64,0,1,64,0,295530,8,8559,121.435561000000010,31.157201000000001,121.440855142999990,31.152767892899998
65,28,65,0,1,65,0,296602,8,6820,121.445778000000000,31.158035999999999,121.451778571000010,31.152767892899998
66,4,66,0,1,66,0,298068,8,853,121.459995000000010,31.152466000000000,121.462701999999990,31.152767892899998
67,10,67,0,1,67,0,298895,8,2335,121.470460000000000,31.148012000000001,121.473625428999990,31.152767892899998
68,35,68,0,1,68,0,299611,8,10070,121.478190000000000,31.149249999999999,121.484548856999990,31.152767892899998
69,51,69,0,1,69,0,300747,8,16678,121.489666000000000,31.150342999999999,121.495472285999990,31.152767892899998
70,39,70,0,1,70,0,301605,8,14009,121.500414000000010,31.155334000000000,121.506395714000010,31.152767892899998
71,33,71,0,1,71,0,302404,8,10560,121.511527000000000,31.151987999999999,121.517319142999990,31.152767892899998
72,22,72,0,1,72,0,303125,8,12509,121.521829999999990,31.150735000000001,121.528242571000010,31.152767892899998
73,15,73,0,1,73,0,303745,8,3762,121.532955000000000,31.152296000000000,121.539165999999990,31.152767892899998
74,14,74,0,1,74,0,304206,8,2154,121.543696000000000,31.148285000000001,121.550089429000000,31.152767892899998
75,23,75,0,1,75,0,304617,8,4704,121.555259000000010,31.148157000000001,121.561012856999990,31.152767892899998
76,22,76,0,1,76,0,304949,8,3026,121.565673000000000,31.152585999999999,121.571936286000000,31.152767892899998
77,25,77,0,1,77,0,305346,8,3077,121.577336000000000,31.148315000000000,121.582859713999990,31.152767892899998
78,8,78,0,1,78,0,305692,8,2368,121.587875000000000,31.156915000000001,121.593783143000000,31.152767892899998
79,9,79,0,1,79,0,305950,8,2847,121.598393000000000,31.151484000000000,121.604706570999990,31.152767892899998
80,14,80,0,1,80,0,306218,8,1580,121.610080000000000,31.154101000000001,121.615630000000000,31.152767892899998
81,10,81,0,1,81,0,306446,8,1146,121.620131000000000,31.152297999999998,121.626553429000000,31.152767892899998
82,5,82,0,1,82,0,306686,8,417,121.633036000000000,31.156611000000002,121.637476857000000,31.152767892899998
83,3,83,0,1,83,0,306892,8,233,121.643882000000000,31.152282000000000,121.648400286000000,31.152767892899998
84,19,84,0,1,84,0,288824,8,12464,121.348378999999990,31.160370000000000,121.353467714000000,31.161764250000001
85,38,85,0,1,85,0,289351,8,16379,121.358644000000000,31.159061000000001,121.364391143000010,31.161764250000001
86,43,86,0,1,86,0,289914,8,15693,121.369387000000000,31.158086000000001,121.375314571000000,31.161764250000001
87,34,87,0,1,87,0,290551,8,15000,121.380253000000000,31.159161999999998,121.386238000000010,31.161764250000001
88,73,88,0,1,88,0,291318,8,30023,121.390817000000000,31.161733999999999,121.397161428999990,31.161764250000001
89,60,89,0,1,89,0,292305,8,16643,121.401628000000000,31.165709000000000,121.408084857000010,31.161764250000001
90,79,90,0,1,90,0,293242,8,21864,121.412701000000000,31.157708000000000,121.419008285999990,31.161764250000001
91,60,91,0,1,91,0,294277,8,21769,121.423556000000000,31.157465999999999,121.429931714000010,31.161764250000001
92,47,92,0,1,92,0,295431,8,12308,121.434651000000000,31.166509000000001,121.440855142999990,31.161764250000001
93,30,93,0,1,93,0,296602,8,7808,121.445778000000000,31.158035999999999,121.451778571000010,31.161764250000001
94,10,94,0,1,94,0,297756,8,990,121.456402999999990,31.165648999999998,121.462701999999990,31.161764250000001
95,19,95,0,1,95,0,298725,8,4647,121.468411000000000,31.159607999999999,121.473625428999990,31.161764250000001
96,23,96,0,1,96,0,299603,8,9560,121.478128000000000,31.162811999999999,121.484548856999990,31.161764250000001
97,54,97,0,1,97,0,300773,8,17634,121.490018000000010,31.163105999999999,121.495472285999990,31.161764250000001
98,31,98,0,1,98,0,301600,8,8454,121.500365000000000,31.161721000000000,121.506395714000010,31.161764250000001
99,31,99,0,1,99,0,302392,8,12654,121.511398000000000,31.163253000000001,121.517319142999990,31.161764250000001
100,31,100,0,1,100,0,303131,8,10757,121.521949000000010,31.158173000000001,121.528242571000010,31.161764250000001
101,8,101,0,1,101,0,303844,8,3219,121.534737000000010,31.159147999999998,121.539165999999990,31.161764250000001
102,16,102,0,1,102,0,304231,8,3817,121.544405000000000,31.163025999999999,121.550089429000000,31.161764250000001
103,34,103,0,1,103,0,304612,8,8185,121.555110000000000,31.164283999999999,121.561012856999990,31.161764250000001
104,30,104,0,1,104,0,304956,8,5658,121.565779000000010,31.159165000000002,121.571936286000000,31.161764250000001
105,10,105,0,1,105,0,305579,8,1921,121.584272000000000,31.164435000000001,121.582859713999990,31.161764250000001
106,1,106,0,1,106,0,305692,8,141,121.587875000000000,31.156915000000001,121.593783143000000,31.161764250000001
107,3,107,0,1,107,0,306055,8,523,121.603022999999990,31.163011999999998,121.604706570999990,31.161764250000001
108,6,108,0,1,108,0,306402,8,543,121.617628000000000,31.156676000000001,121.615630000000000,31.161764250000001
109,6,109,0,1,109,0,306457,8,1030,121.620645999999990,31.156984999999999,121.626553429000000,31.161764250000001
110,6,110,0,1,110,0,306650,8,1176,121.631018999999990,31.163829000000000,121.637476857000000,31.161764250000001
111,4,111,0,1,111,0,306878,8,1114,121.643114999999990,31.165240000000001,121.648400286000000,31.161764250000001
112,32,112,0,1,112,0,288859,8,12889,121.349078000000010,31.171766000000002,121.353467714000000,31.170760607100000
113,31,113,0,1,113,0,289326,8,12893,121.358104000000000,31.172052999999998,121.364391143000010,31.170760607100000
114,42,114,0,1,114,0,289887,8,16965,121.368917000000000,31.171565999999999,121.375314571000000,31.170760607100000
115,64,115,0,1,115,0,290524,8,22023,121.379791000000000,31.168973000000001,121.386238000000010,31.170760607100000
116,97,116,0,1,116,0,291319,8,25599,121.390818999999990,31.170375000000000,121.397161428999990,31.170760607100000
117,71,117,0,1,117,0,292305,8,12983,121.401628000000000,31.165709000000000,121.408084857000010,31.170760607100000
118,82,118,0,1,118,0,293246,8,23054,121.412737000000010,31.176100999999999,121.419008285999990,31.170760607100000
119,76,119,0,1,119,0,294274,8,38585,121.423543000000000,31.170933999999999,121.429931714000010,31.170760607100000
120,49,120,0,1,120,0,295431,8,23194,121.434651000000000,31.166509000000001,121.440855142999990,31.170760607100000
121,28,121,0,1,121,0,296559,8,9727,121.445417000000010,31.174478000000001,121.451778571000010,31.170760607100000
122,11,122,0,1,122,0,297756,8,1514,121.456402999999990,31.165648999999998,121.462701999999990,31.170760607100000
123,22,123,0,1,123,0,299060,8,8311,121.472312000000000,31.175369000000000,121.473625428999990,31.170760607100000
124,45,124,0,1,124,0,299695,8,15231,121.478960000000000,31.173791999999999,121.484548856999990,31.170760607100000
125,63,125,0,1,125,0,300710,8,26669,121.489217999999990,31.167529999999999,121.495472285999990,31.170760607100000
126,31,126,0,1,126,0,301628,8,13068,121.500687000000000,31.166948000000001,121.506395714000010,31.170760607100000
127,25,127,0,1,127,0,302517,8,9450,121.513231000000000,31.174979000000000,121.517319142999990,31.170760607100000
128,25,128,0,1,128,0,303126,8,8769,121.521837000000000,31.169530999999999,121.528242571000010,31.170760607100000
129,24,129,0,1,129,0,303747,8,4413,121.533043000000010,31.175886999999999,121.539165999999990,31.170760607100000
130,9,130,0,1,130,0,304364,8,1801,121.547961000000000,31.172809000000001,121.550089429000000,31.170760607100000
131,25,131,0,1,131,0,304650,8,3030,121.556144000000000,31.172219999999999,121.561012856999990,31.170760607100000
132,16,132,0,1,132,0,304990,8,1623,121.566710000000000,31.166601000000000,121.571936286000000,31.170760607100000
133,11,133,0,1,133,0,305337,8,865,121.577077000000000,31.168126999999998,121.582859713999990,31.170760607100000
134,6,134,0,1,134,0,305740,8,2556,121.589778999999990,31.173798999999999,121.593783143000000,31.170760607100000
135,5,135,0,1,135,0,305977,8,894,121.599932000000000,31.171188000000001,121.604706570999990,31.170760607100000
136,1,136,0,1,136,0,306420,8,48,121.618917999999990,31.165351999999999,121.615630000000000,31.170760607100000
137,7,137,0,1,137,0,306510,8,1337,121.623341999999990,31.167265000000000,121.626553429000000,31.170760607100000
138,7,138,0,1,138,0,306683,8,1516,121.632864000000000,31.175221000000001,121.637476857000000,31.170760607100000
139,5,139,0,1,139,0,306855,8,956,121.642285000000000,31.168938000000001,121.648400286000000,31.170760607100000
140,33,140,0,1,140,0,288854,8,21634,121.349024000000000,31.179244000000001,121.353467714000000,31.179756964300001
141,53,141,0,1,141,0,289323,8,22135,121.358078000000010,31.178488999999999,121.364391143000010,31.179756964300001
142,58,142,0,1,142,0,289904,8,12691,121.369240000000000,31.182715000000002,121.375314571000000,31.179756964300001
143,60,143,0,1,143,0,290523,8,16689,121.379779000000000,31.183897999999999,121.386238000000010,31.179756964300001
144,49,144,0,1,144,0,291314,8,18126,121.390765000000000,31.182872000000000,121.397161428999990,31.179756964300001
145,61,145,0,1,145,0,292313,8,16353,121.401734000000000,31.175020000000000,121.408084857000010,31.179756964300001
146,56,146,0,1,146,0,293246,8,28894,121.412737000000010,31.176100999999999,121.419008285999990,31.179756964300001
147,69,147,0,1,147,0,294327,8,20898,121.424046000000000,31.185158999999999,121.429931714000010,31.179756964300001
148,89,148,0,1,148,0,295446,8,25595,121.434740000000010,31.184846000000000,121.440855142999990,31.179756964300001
149,28,149,0,1,149,0,296559,8,9760,121.445417000000010,31.174478000000001,121.451778571000010,31.179756964300001
150,9,150,0,1,150,0,298165,8,1541,121.461292000000000,31.180395000000001,121.462701999999990,31.179756964300001
151,21,151,0,1,151,0,298796,8,3245,121.469370000000000,31.183354000000001,121.473625428999990,31.179756964300001
152,64,152,0,1,152,0,299719,8,16652,121.479149000000010,31.175194000000001,121.484548856999990,31.179756964300001
153,69,153,0,1,153,0,300717,8,21402,121.489278000000000,31.184542000000000,121.495472285999990,31.179756964300001
154,43,154,0,1,154,0,301591,8,21359,121.500283999999990,31.177050000000001,121.506395714000010,31.179756964300001
155,36,155,0,1,155,0,302374,8,18303,121.511134000000000,31.185160000000000,121.517319142999990,31.179756964300001
156,25,156,0,1,156,0,303254,8,5107,121.524398000000010,31.178238000000000,121.528242571000010,31.179756964300001
157,17,157,0,1,157,0,303747,8,4278,121.533043000000010,31.175886999999999,121.539165999999990,31.179756964300001
158,24,158,0,1,158,0,304215,8,5440,121.544122000000000,31.178205999999999,121.550089429000000,31.179756964300001
159,24,159,0,1,159,0,304623,8,3057,121.555327000000010,31.183532000000000,121.561012856999990,31.179756964300001
160,17,160,0,1,160,0,304973,8,872,121.566246000000010,31.183326999999998,121.571936286000000,31.179756964300001
161,13,161,0,1,161,0,305356,8,671,121.577499000000000,31.184616999999999,121.582859713999990,31.179756964300001
162,7,162,0,1,162,0,305699,8,2271,121.588091000000010,31.181839000000000,121.593783143000000,31.179756964300001
163,6,163,0,1,163,0,305951,8,1420,121.598434999999990,31.180586000000002,121.604706570999990,31.179756964300001
164,15,164,0,1,164,0,306198,8,1602,121.609605000000000,31.180091000000001,121.615630000000000,31.179756964300001
165,14,165,0,1,165,0,306447,8,3797,121.620171000000000,31.185143000000000,121.626553429000000,31.179756964300001
166,10,166,0,1,166,0,306669,8,2131,121.632244000000000,31.179642999999999,121.637476857000000,31.179756964300001
167,4,167,0,1,167,0,306863,8,808,121.642657000000000,31.181155000000000,121.648400286000000,31.179756964300001
168,24,168,0,1,168,0,288866,8,7173,121.349208000000000,31.193484000000002,121.353467714000000,31.188753321400000
169,63,169,0,1,169,0,289369,8,17947,121.359007000000010,31.188908000000001,121.364391143000010,31.188753321400000
170,71,170,0,1,170,0,289889,8,14407,121.368928999999990,31.191517000000001,121.375314571000000,31.188753321400000
171,61,171,0,1,171,0,290523,8,13502,121.379779000000000,31.183897999999999,121.386238000000010,31.188753321400000
172,56,172,0,1,172,0,291315,8,14756,121.390784000000000,31.186108999999998,121.397161428999990,31.188753321400000
173,47,173,0,1,173,0,292328,8,18334,121.401957999999990,31.191034999999999,121.408084857000010,31.188753321400000
174,83,174,0,1,174,0,293309,8,34993,121.413332000000000,31.192291999999998,121.419008285999990,31.188753321400000
175,144,175,0,1,175,0,294292,8,39837,121.423723000000000,31.187982999999999,121.429931714000010,31.188753321400000
176,130,176,0,1,176,0,295438,8,31751,121.434698999999990,31.185927000000000,121.440855142999990,31.188753321400000
177,68,177,0,1,177,0,296584,8,25343,121.445652000000000,31.191979000000000,121.451778571000010,31.188753321400000
178,21,178,0,1,178,0,297926,8,3270,121.458286000000000,31.192229000000001,121.462701999999990,31.188753321400000
179,29,179,0,1,179,0,298651,8,4542,121.467474000000000,31.192716999999998,121.473625428999990,31.188753321400000
180,60,180,0,1,180,0,299703,8,4442,121.479043000000000,31.186074000000001,121.484548856999990,31.188753321400000
181,58,181,0,1,181,0,300717,8,8036,121.489278000000000,31.184542000000000,121.495472285999990,31.188753321400000
182,53,182,0,1,182,0,301627,8,21025,121.500681000000000,31.186288000000001,121.506395714000010,31.188753321400000
183,31,183,0,1,183,0,302367,8,15020,121.511062000000000,31.193867999999998,121.517319142999990,31.188753321400000
184,38,184,0,1,184,0,303130,8,8924,121.521941000000000,31.189648999999999,121.528242571000010,31.188753321400000
185,17,185,0,1,185,0,303789,8,5611,121.533800000000000,31.191212000000000,121.539165999999990,31.188753321400000
186,35,186,0,1,186,0,304216,8,11046,121.544123000000000,31.185887000000001,121.550089429000000,31.188753321400000
187,27,187,0,1,187,0,304611,8,4131,121.555006000000010,31.189807999999999,121.561012856999990,31.188753321400000
188,23,188,0,1,188,0,304970,8,2325,121.566180000000000,31.187892999999999,121.571936286000000,31.188753321400000
189,29,189,0,1,189,0,305343,8,2272,121.577297000000000,31.186837000000001,121.582859713999990,31.188753321400000
190,29,190,0,1,190,0,305710,8,4160,121.588583000000000,31.186572999999999,121.593783143000000,31.188753321400000
191,16,191,0,1,191,0,305956,8,928,121.598926000000010,31.193358000000000,121.604706570999990,31.188753321400000
192,9,192,0,1,192,0,306447,8,494,121.620171000000000,31.185143000000000,121.615630000000000,31.188753321400000
193,17,193,0,1,193,0,306447,8,2941,121.620171000000000,31.185143000000000,121.626553429000000,31.188753321400000
194,13,194,0,1,194,0,306657,8,2619,121.631345000000000,31.189311000000000,121.637476857000000,31.188753321400000
195,10,195,0,1,195,0,306852,8,1875,121.642148000000010,31.188783000000001,121.648400286000000,31.188753321400000
196,19,196,0,1,196,0,288866,8,3559,121.349208000000000,31.193484000000002,121.353467714000000,31.197749678600001
197,32,197,0,1,197,0,289328,8,9184,121.358149999999990,31.199781999999999,121.364391143000010,31.197749678600001
198,49,198,0,1,198,0,289923,8,9436,121.369601000000000,31.201630999999999,121.375314571000000,31.197749678600001
199,84,199,0,1,199,0,290530,8,19664,121.379870999999990,31.193197000000001,121.386238000000010,31.197749678600001
200,79,200,0,1,200,0,291328,8,21675,121.390921000000010,31.200047000000001,121.397161428999990,31.197749678600001
201,72,201,0,1,201,0,292308,8,20443,121.401668000000000,31.196687000000001,121.408084857000010,31.197749678600001
202,95,202,0,1,202,0,293264,8,32151,121.412935000000000,31.197320000000001,121.419008285999990,31.197749678600001
203,144,203,0,1,203,0,294289,8,44773,121.423697000000000,31.196517000000000,121.429931714000010,31.197749678600001
204,144,204,0,1,204,0,295413,8,37680,121.434495000000000,31.195715000000000,121.440855142999990,31.197749678600001
205,117,205,0,1,205,0,296585,8,44113,121.445656000000000,31.200569999999999,121.451778571000010,31.197749678600001
206,69,206,0,1,206,0,297847,8,30888,121.457210000000000,31.202856000000001,121.462701999999990,31.197749678600001
207,71,207,0,1,207,0,298651,8,22663,121.467474000000000,31.192716999999998,121.473625428999990,31.197749678600001
208,47,208,0,1,208,0,299599,8,8070,121.478111000000000,31.200271999999998,121.484548856999990,31.197749678600001
209,33,209,0,1,209,0,300737,8,3497,121.489502000000000,31.201442000000000,121.495472285999990,31.197749678600001
210,78,210,0,1,210,0,301592,8,21558,121.500291000000000,31.194331999999999,121.506395714000010,31.197749678600001
211,53,211,0,1,211,0,302365,8,24047,121.510997000000000,31.196766000000000,121.517319142999990,31.197749678600001
212,33,212,0,1,212,0,303145,8,6881,121.522130000000000,31.192727999999999,121.528242571000010,31.197749678600001
213,15,213,0,1,213,0,303792,8,3725,121.533884000000000,31.199801000000001,121.539165999999990,31.197749678600001
214,35,214,0,1,214,0,304210,8,9604,121.544009000000000,31.202544000000000,121.550089429000000,31.197749678600001
215,25,215,0,1,215,0,304609,8,9333,121.554941000000000,31.198157999999999,121.561012856999990,31.197749678600001
216,21,216,0,1,216,0,305000,8,9726,121.566964000000000,31.203036000000001,121.571936286000000,31.197749678600001
217,38,217,0,1,217,0,305323,8,7681,121.576770999999990,31.199926000000001,121.582859713999990,31.197749678600001
218,28,218,0,1,218,0,305720,8,4867,121.588946000000010,31.198502999999999,121.593783143000000,31.197749678600001
219,38,219,0,1,219,0,305952,8,3951,121.598564000000000,31.195551999999999,121.604706570999990,31.197749678600001
220,23,220,0,1,220,0,306204,8,2803,121.609723000000000,31.198816999999998,121.615630000000000,31.197749678600001
221,25,221,0,1,221,0,306454,8,4174,121.620532999999990,31.198909000000000,121.626553429000000,31.197749678600001
222,11,222,0,1,222,0,306656,8,2291,121.631339999999990,31.201028999999998,121.637476857000000,31.197749678600001
223,6,223,0,1,223,0,306922,8,1409,121.645889999999990,31.202999999999999,121.648400286000000,31.197749678600001
224,23,224,0,1,224,0,288935,8,6699,121.350652999999990,31.207854999999999,121.353467714000000,31.206746035700000
225,49,225,0,1,225,0,289322,8,11150,121.358058000000000,31.207740999999999,121.364391143000010,31.206746035700000
226,50,226,0,1,226,0,289901,8,11842,121.369170000000000,31.211224000000001,121.375314571000000,31.206746035700000
227,59,227,0,1,227,0,290534,8,24659,121.379983000000000,31.206927000000000,121.386238000000010,31.206746035700000
228,140,228,0,1,228,0,291312,8,38722,121.390744000000000,31.206222000000000,121.397161428999990,31.206746035700000
229,91,229,0,1,229,0,292303,8,38531,121.401625999999990,31.205023000000001,121.408084857000010,31.206746035700000
230,96,230,0,1,230,0,293276,8,37974,121.413049000000000,31.208604999999999,121.419008285999990,31.206746035700000
231,89,231,0,1,231,0,294268,8,29965,121.423480000000000,31.205119000000000,121.429931714000010,31.206746035700000
232,79,232,0,1,232,0,295416,8,20214,121.434549000000000,31.209159000000000,121.440855142999990,31.206746035700000
233,110,233,0,1,233,0,296565,8,32117,121.445463000000000,31.206471000000001,121.451778571000010,31.206746035700000
234,132,234,0,1,234,0,297744,8,40931,121.456297000000010,31.209978000000000,121.462701999999990,31.206746035700000
235,110,235,0,1,235,0,298635,8,40202,121.467257000000000,31.203672000000001,121.473625428999990,31.206746035700000
236,112,236,0,1,236,0,299600,8,37849,121.478117000000000,31.203102999999999,121.484548856999990,31.206746035700000
237,46,237,0,1,237,0,300698,8,18034,121.489047000000000,31.208886000000000,121.495472285999990,31.206746035700000
238,35,238,0,1,238,0,301578,8,14282,121.500035999999990,31.209523999999998,121.506395714000010,31.206746035700000
239,75,239,0,1,239,0,302360,8,16260,121.510896000000000,31.205324000000001,121.517319142999990,31.206746035700000
240,49,240,0,1,240,0,303154,8,5510,121.522315000000010,31.209102000000001,121.528242571000010,31.206746035700000
241,40,241,0,1,241,0,303733,8,7683,121.532735000000000,31.210540000000002,121.539165999999990,31.206746035700000
242,58,242,0,1,242,0,304210,8,15208,121.544009000000000,31.202544000000000,121.550089429000000,31.206746035700000
243,59,243,0,1,243,0,304607,8,15500,121.554838000000000,31.209752999999999,121.561012856999990,31.206746035700000
244,17,244,0,1,244,0,304961,8,10377,121.565911000000000,31.212145000000000,121.571936286000000,31.206746035700000
245,48,245,0,1,245,0,305335,8,13098,121.577042000000010,31.210273000000001,121.582859713999990,31.206746035700000
246,29,246,0,1,246,0,305713,8,6291,121.588679000000000,31.205355999999998,121.593783143000000,31.206746035700000
247,38,247,0,1,247,0,305954,8,7451,121.598782000000000,31.205752000000000,121.604706570999990,31.206746035700000
248,34,248,0,1,248,0,306200,8,7346,121.609624999999990,31.208476999999998,121.615630000000000,31.206746035700000
249,35,249,0,1,249,0,306448,8,3891,121.620180000000000,31.208158999999998,121.626553429000000,31.206746035700000
250,20,250,0,1,250,0,306675,8,2126,121.632575000000000,31.204446000000001,121.637476857000000,31.206746035700000
251,12,251,0,1,251,0,306919,8,2369,121.645762000000000,31.211134999999999,121.648400286000000,31.206746035700000
252,44,252,0,1,252,0,288830,8,20089,121.348470000000010,31.217559000000001,121.353467714000000,31.215742392900001
253,57,253,0,1,253,0,289324,8,22095,121.358082000000000,31.211496000000000,121.364391143000010,31.215742392900001
254,67,254,0,1,254,0,289897,8,23631,121.369113000000000,31.217341000000001,121.375314571000000,31.215742392900001
255,79,255,0,1,255,0,290535,8,27594,121.380005000000000,31.213943000000000,121.386238000000010,31.215742392900001
256,93,256,0,1,256,0,291348,8,32577,121.391152000000010,31.214601999999999,121.397161428999990,31.215742392900001
257,76,257,0,1,257,0,292325,8,35875,121.401934000000000,31.212864000000000,121.408084857000010,31.215742392900001
258,110,258,0,1,258,0,293249,8,35038,121.412796000000000,31.220804000000001,121.419008285999990,31.215742392900001
259,104,259,0,1,259,0,294302,8,26476,121.423830000000000,31.213730000000002,121.429931714000010,31.215742392900001
260,96,260,0,1,260,0,295415,8,29825,121.434535000000000,31.216882999999999,121.440855142999990,31.215742392900001
261,118,261,0,1,261,0,296596,8,33976,121.445739000000000,31.215809000000000,121.451778571000010,31.215742392900001
262,111,262,0,1,262,0,297746,8,36789,121.456304000000000,31.213581000000001,121.462701999999990,31.215742392900001
263,115,263,0,1,263,0,298628,8,46345,121.467183000000010,31.217381000000000,121.473625428999990,31.215742392900001
264,110,264,0,1,264,0,299596,8,48527,121.478094000000000,31.213229999999999,121.484548856999990,31.215742392900001
265,77,265,0,1,265,0,300696,8,24645,121.489023000000000,31.216363000000001,121.495472285999990,31.215742392900001
266,48,266,0,1,266,0,301583,8,9443,121.500185000000000,31.210744999999999,121.506395714000010,31.215742392900001
267,70,267,0,1,267,0,302364,8,14899,121.510970000000000,31.211960000000001,121.517319142999990,31.215742392900001
268,72,268,0,1,268,0,303142,8,11534,121.522098000000000,31.214794999999999,121.528242571000010,31.215742392900001
269,32,269,0,1,269,0,303733,8,6173,121.532735000000000,31.210540000000002,121.539165999999990,31.215742392900001
270,30,270,0,1,270,0,304234,8,5868,121.544455000000000,31.214836999999999,121.550089429000000,31.215742392900001
271,67,271,0,1,271,0,304653,8,2600,121.556252000000000,31.221204000000000,121.561012856999990,31.215742392900001
272,21,272,0,1,272,0,304961,8,2013,121.565911000000000,31.212145000000000,121.571936286000000,31.215742392900001
273,17,273,0,1,273,0,305335,8,3260,121.577042000000010,31.210273000000001,121.582859713999990,31.215742392900001
274,27,274,0,1,274,0,305716,8,4325,121.588891000000000,31.210809000000001,121.593783143000000,31.215742392900001
275,25,275,0,1,275,0,305969,8,2807,121.599504999999990,31.214644000000000,121.604706570999990,31.215742392900001
276,26,276,0,1,276,0,306201,8,6449,121.609639000000000,31.217089999999999,121.615630000000000,31.215742392900001
277,30,277,0,1,277,0,306465,8,5994,121.620801000000000,31.215046999999998,121.626553429000000,31.215742392900001
278,13,278,0,1,278,0,306655,8,2734,121.631246000000000,31.220466999999999,121.637476857000000,31.215742392900001
279,11,279,0,1,279,0,306871,8,1929,121.642976000000000,31.215613000000001,121.648400286000000,31.215742392900001
280,45,280,0,1,280,0,288822,8,18546,121.348311000000000,31.226371000000000,121.353467714000000,31.224738750000000
281,27,281,0,1,281,0,289333,8,12920,121.358267000000000,31.220067000000000,121.364391143000010,31.224738750000000
282,30,282,0,1,282,0,289939,8,13134,121.369851000000000,31.224100000000000,121.375314571000000,31.224738750000000
283,36,283,0,1,283,0,290665,8,7437,121.381927000000000,31.223773000000001,121.386238000000010,31.224738750000000
284,38,284,0,1,284,0,291358,8,10137,121.391281000000010,31.224319999999999,121.397161428999990,31.224738750000000
285,54,285,0,1,285,0,292326,8,30773,121.401950000000000,31.227727000000002,121.408084857000010,31.224738750000000
286,87,286,0,1,286,0,293249,8,33821,121.412796000000000,31.220804000000001,121.419008285999990,31.224738750000000
287,78,287,0,1,287,0,294280,8,33829,121.423593999999990,31.227868999999998,121.429931714000010,31.224738750000000
288,148,288,0,1,288,0,295421,8,48639,121.434566000000000,31.220635999999999,121.440855142999990,31.224738750000000
289,120,289,0,1,289,0,296550,8,36047,121.445322000000000,31.228859000000000,121.451778571000010,31.224738750000000
290,118,290,0,1,290,0,297760,8,37051,121.456436000000000,31.219441000000000,121.462701999999990,31.224738750000000
291,172,291,0,1,291,0,298641,8,62045,121.467308000000000,31.223043000000001,121.473625428999990,31.224738750000000
292,100,292,0,1,292,0,299610,8,39327,121.478174000000000,31.228324000000001,121.484548856999990,31.224738750000000
293,92,293,0,1,293,0,300711,8,28350,121.489220000000000,31.221000000000000,121.495472285999990,31.224738750000000
294,63,294,0,1,294,0,301576,8,10823,121.500029000000000,31.225518999999998,121.506395714000010,31.224738750000000
295,94,295,0,1,295,0,302359,8,16375,121.510893000000000,31.229082999999999,121.517319142999990,31.224738750000000
296,104,296,0,1,296,0,303136,8,30878,121.522009000000000,31.221805000000000,121.528242571000010,31.224738750000000
297,56,297,0,1,297,0,303756,8,12804,121.533198000000000,31.224381000000001,121.539165999999990,31.224738750000000
298,56,298,0,1,298,0,304219,8,6397,121.544214000000000,31.227103000000000,121.550089429000000,31.224738750000000
299,25,299,0,1,299,0,304605,8,4304,121.554789000000000,31.227340000000002,121.561012856999990,31.224738750000000
300,9,300,0,1,300,0,304977,8,1516,121.566402999999990,31.224817000000002,121.571936286000000,31.224738750000000
301,7,301,0,1,301,0,312513,8,260,121.580057000000000,31.222754999999999,121.582859713999990,31.224738750000000
302,9,302,0,1,302,0,305907,8,828,121.596127999999990,31.224978000000000,121.593783143000000,31.224738750000000
303,12,303,0,1,303,0,306023,8,2237,121.601731000000000,31.221131000000000,121.604706570999990,31.224738750000000
304,14,304,0,1,304,0,306203,8,1480,121.609705000000010,31.222415000000002,121.615630000000000,31.224738750000000
305,19,305,0,1,305,0,306482,8,2546,121.621388999999990,31.224760000000000,121.626553429000000,31.224738750000000
306,11,306,0,1,306,0,306655,8,1602,121.631246000000000,31.220466999999999,121.637476857000000,31.224738750000000
307,9,307,0,1,307,0,306905,8,2404,121.644848000000000,31.228842000000000,121.648400286000000,31.224738750000000
308,28,308,0,1,308,0,288828,8,6353,121.348440999999990,31.232915999999999,121.353467714000000,31.233735107099999
309,17,309,0,1,309,0,289356,8,7591,121.358705000000000,31.229151999999999,121.364391143000010,31.233735107099999
310,43,310,0,1,310,0,289903,8,21652,121.369221999999990,31.233180000000001,121.375314571000000,31.233735107099999
311,50,311,0,1,311,0,290564,8,20383,121.380444999999990,31.235643000000000,121.386238000000010,31.233735107099999
312,47,312,0,1,312,0,291353,8,30551,121.391227000000000,31.234247000000000,121.397161428999990,31.233735107099999
313,73,313,0,1,313,0,292311,8,24674,121.401720000000000,31.237939000000001,121.408084857000010,31.233735107099999
314,90,314,0,1,314,0,293245,8,26329,121.412722000000000,31.237711999999998,121.419008285999990,31.233735107099999
315,100,315,0,1,315,0,294275,8,32504,121.423544000000010,31.230616999999999,121.429931714000010,31.233735107099999
316,108,316,0,1,316,0,295418,8,37170,121.434551000000000,31.236017000000000,121.440855142999990,31.233735107099999
317,136,317,0,1,317,0,296550,8,38260,121.445322000000000,31.228859000000000,121.451778571000010,31.233735107099999
318,146,318,0,1,318,0,297739,8,45736,121.456249000000000,31.237964999999999,121.462701999999990,31.233735107099999
319,250,319,0,1,319,0,298629,8,68801,121.467206000000000,31.236516000000002,121.473625428999990,31.233735107099999
320,174,320,0,1,320,0,299606,8,52290,121.478147000000010,31.237839999999998,121.484548856999990,31.233735107099999
321,98,321,0,1,321,0,300706,8,22657,121.489192000000000,31.231510000000000,121.495472285999990,31.233735107099999
322,107,322,0,1,322,0,301581,8,23954,121.500182000000000,31.236872999999999,121.506395714000010,31.233735107099999
323,131,323,0,1,323,0,302357,8,26863,121.510875000000000,31.235085999999999,121.517319142999990,31.233735107099999
324,57,324,0,1,324,0,303128,8,26462,121.521855000000000,31.231349999999999,121.528242571000010,31.233735107099999
325,41,325,0,1,325,0,303735,8,16212,121.532743999999990,31.239196000000000,121.539165999999990,31.233735107099999
326,30,326,0,1,326,0,304227,8,6266,121.544360000000000,31.228835000000000,121.550089429000000,31.233735107099999
327,27,327,0,1,327,0,304618,8,6116,121.555268000000000,31.232043000000001,121.561012856999990,31.233735107099999
328,13,328,0,1,328,0,304986,8,2632,121.566632000000000,31.231334000000000,121.571936286000000,31.233735107099999
329,8,329,0,1,329,0,305372,8,2301,121.578115999999990,31.236052999999998,121.582859713999990,31.233735107099999
330,8,330,0,1,330,0,305809,8,1330,121.592342000000000,31.237304999999999,121.593783143000000,31.233735107099999
331,10,331,0,1,331,0,305953,8,1735,121.598771000000000,31.237908999999998,121.604706570999990,31.233735107099999
332,2,332,0,1,332,0,306478,8,665,121.621204000000010,31.233537999999999,121.615630000000000,31.233735107099999
333,5,333,0,1,333,0,306478,8,711,121.621204000000010,31.233537999999999,121.626553429000000,31.233735107099999
334,7,334,0,1,334,0,306699,8,2050,121.633433000000000,31.228888999999999,121.637476857000000,31.233735107099999
335,10,335,0,1,335,0,306860,8,2263,121.642469000000010,31.230409999999999,121.648400286000000,31.233735107099999
336,22,336,0,1,336,0,288870,8,10011,121.349335999999990,31.245374999999999,121.353467714000000,31.242731464300000
337,18,337,0,1,337,0,289316,8,7735,121.357958999999990,31.242953000000000,121.364391143000010,31.242731464300000
338,20,338,0,1,338,0,289910,8,5705,121.369328000000000,31.239272000000000,121.375314571000000,31.242731464300000
339,27,339,0,1,339,0,290658,8,11608,121.381792000000000,31.245193000000000,121.386238000000010,31.242731464300000
340,65,340,0,1,340,0,291395,8,35400,121.391668000000000,31.244596999999999,121.397161428999990,31.242731464300000
341,84,341,0,1,341,0,292311,8,43822,121.401720000000000,31.237939000000001,121.408084857000010,31.242731464300000
342,75,342,0,1,342,0,293245,8,50248,121.412722000000000,31.237711999999998,121.419008285999990,31.242731464300000
343,94,343,0,1,343,0,294333,8,35992,121.424090000000010,31.243324000000001,121.429931714000010,31.242731464300000
344,111,344,0,1,344,0,295410,8,38774,121.434441000000010,31.242452000000000,121.440855142999990,31.242731464300000
345,113,345,0,1,345,0,296579,8,30519,121.445595999999990,31.241472000000002,121.451778571000010,31.242731464300000
346,108,346,0,1,346,0,297739,8,43111,121.456249000000000,31.237964999999999,121.462701999999990,31.242731464300000
347,131,347,0,1,347,0,298630,8,50221,121.467207000000000,31.244263000000000,121.473625428999990,31.242731464300000
348,142,348,0,1,348,0,299597,8,40625,121.478102000000010,31.245225999999999,121.484548856999990,31.242731464300000
349,85,349,0,1,349,0,300756,8,15861,121.489790000000000,31.246691999999999,121.495472285999990,31.242731464300000
350,80,350,0,1,350,0,301589,8,14925,121.500251000000010,31.241917999999998,121.506395714000010,31.242731464300000
351,68,351,0,1,351,0,302382,8,17262,121.511210000000010,31.241125000000000,121.517319142999990,31.242731464300000
352,44,352,0,1,352,0,303186,8,6649,121.522831000000000,31.238659999999999,121.528242571000010,31.242731464300000
353,40,353,0,1,353,0,303735,8,8889,121.532743999999990,31.239196000000000,121.539165999999990,31.242731464300000
354,37,354,0,1,354,0,304217,8,9099,121.544132000000000,31.241316000000001,121.550089429000000,31.242731464300000
355,33,355,0,1,355,0,304615,8,8854,121.555201999999990,31.243189999999998,121.561012856999990,31.242731464300000
356,25,356,0,1,356,0,304966,8,6723,121.566140000000000,31.241675999999998,121.571936286000000,31.242731464300000
357,30,357,0,1,357,0,305349,8,6582,121.577400000000000,31.247053000000001,121.582859713999990,31.242731464300000
358,29,358,0,1,358,0,305704,8,4040,121.588308000000000,31.240521000000001,121.593783143000000,31.242731464300000
359,20,359,0,1,359,0,305953,8,1726,121.598771000000000,31.237908999999998,121.604706570999990,31.242731464300000
360,11,360,0,1,360,0,306210,8,1830,121.609844000000000,31.240507999999998,121.615630000000000,31.242731464300000
361,11,361,0,1,361,0,306459,8,1484,121.620693000000000,31.242625000000000,121.626553429000000,31.242731464300000
362,8,362,0,1,362,0,306653,8,1839,121.631165000000000,31.242232000000001,121.637476857000000,31.242731464300000
363,2,363,0,1,363,0,307033,8,460,121.653025000000000,31.241182999999999,121.648400286000000,31.242731464300000
364,39,364,0,1,364,0,288864,8,13298,121.349186000000000,31.253259000000000,121.353467714000000,31.251727821399999
365,37,365,0,1,365,0,289353,8,16789,121.358658000000010,31.255911000000001,121.364391143000010,31.251727821399999
366,54,366,0,1,366,0,289907,8,20434,121.369313000000010,31.251863000000000,121.375314571000000,31.251727821399999
367,44,367,0,1,367,0,290529,8,20292,121.379859999999990,31.248258000000000,121.386238000000010,31.251727821399999
368,65,368,0,1,368,0,291333,8,33569,121.390992999999990,31.253900000000002,121.397161428999990,31.251727821399999
369,50,369,0,1,369,0,292307,8,30392,121.401661000000000,31.252105000000000,121.408084857000010,31.251727821399999
370,48,370,0,1,370,0,293328,8,23801,121.413566000000000,31.255962000000000,121.419008285999990,31.251727821399999
371,80,371,0,1,371,0,294322,8,33844,121.423992000000000,31.253615000000000,121.429931714000010,31.251727821399999
372,70,372,0,1,372,0,295432,8,41592,121.434653999999990,31.251030000000000,121.440855142999990,31.251727821399999
373,162,373,0,1,373,0,296561,8,45940,121.445424000000000,31.255163000000000,121.451778571000010,31.251727821399999
374,86,374,0,1,374,0,297751,8,42010,121.456356000000000,31.254391999999999,121.462701999999990,31.251727821399999
375,104,375,0,1,375,0,298631,8,56169,121.467221000000000,31.248394000000001,121.473625428999990,31.251727821399999
376,124,376,0,1,376,0,299609,8,42680,121.478163000000000,31.248256999999999,121.484548856999990,31.251727821399999
377,69,377,0,1,377,0,300697,8,19646,121.489029000000000,31.252956999999999,121.495472285999990,31.251727821399999
378,47,378,0,1,378,0,301575,8,15951,121.500024999999990,31.253630000000001,121.506395714000010,31.251727821399999
379,25,379,0,1,379,0,302369,8,12420,121.511099000000000,31.253563000000000,121.517319142999990,31.251727821399999
380,14,380,0,1,380,0,303191,8,5389,121.522929000000000,31.256861000000001,121.528242571000010,31.251727821399999
381,15,381,0,1,381,0,304017,8,3578,121.538580000000000,31.249099999999999,121.539165999999990,31.251727821399999
382,45,382,0,1,382,0,304209,8,7908,121.543970000000000,31.249957999999999,121.550089429000000,31.251727821399999
383,50,383,0,1,383,0,304604,8,7525,121.554779999999990,31.251888000000001,121.561012856999990,31.251727821399999
384,35,384,0,1,384,0,304942,8,9443,121.565484000000000,31.250111000000000,121.571936286000000,31.251727821399999
385,37,385,0,1,385,0,305333,8,12119,121.577009000000000,31.256733000000001,121.582859713999990,31.251727821399999
386,37,386,0,1,386,0,305686,8,4356,121.587532999999990,31.256239000000001,121.593783143000000,31.251727821399999
387,37,387,0,1,387,0,305961,8,4221,121.599269000000010,31.246531999999998,121.604706570999990,31.251727821399999
388,22,388,0,1,388,0,306194,8,2115,121.609343000000000,31.251926000000001,121.615630000000000,31.251727821399999
389,13,389,0,1,389,0,306471,8,850,121.621041000000010,31.254405999999999,121.626553429000000,31.251727821399999
390,10,390,0,1,390,0,306703,8,491,121.633885000000010,31.253532000000000,121.637476857000000,31.251727821399999
391,4,391,0,1,391,0,307002,8,606,121.651580999999990,31.253433999999999,121.648400286000000,31.251727821399999
392,17,392,0,1,392,0,288826,8,9838,121.348399000000000,31.258685000000000,121.353467714000000,31.260724178600000
393,27,393,0,1,393,0,289317,8,14367,121.357991000000000,31.258486000000001,121.364391143000010,31.260724178600000
394,38,394,0,1,394,0,289921,8,20174,121.369547000000000,31.257068000000000,121.375314571000000,31.260724178600000
395,35,395,0,1,395,0,290526,8,21411,121.379807000000000,31.261364000000000,121.386238000000010,31.260724178600000
396,48,396,0,1,396,0,291311,8,24460,121.390733999999990,31.261599000000000,121.397161428999990,31.260724178600000
397,36,397,0,1,397,0,292321,8,16101,121.401801000000010,31.257752000000000,121.408084857000010,31.260724178600000
398,49,398,0,1,398,0,293280,8,25815,121.413098000000010,31.262467000000001,121.419008285999990,31.260724178600000
399,54,399,0,1,399,0,294287,8,22885,121.423669000000000,31.257456000000001,121.429931714000010,31.260724178600000
400,73,400,0,1,400,0,295422,8,39407,121.434573000000000,31.258099999999999,121.440855142999990,31.260724178600000
401,91,401,0,1,401,0,296566,8,27547,121.445477999999990,31.261334999999999,121.451778571000010,31.260724178600000
402,89,402,0,1,402,0,297742,8,39580,121.456273000000000,31.263096000000001,121.462701999999990,31.260724178600000
403,100,403,0,1,403,0,298636,8,34642,121.467262000000010,31.258579999999998,121.473625428999990,31.260724178600000
404,81,404,0,1,404,0,299637,8,41381,121.478379000000000,31.259979000000001,121.484548856999990,31.260724178600000
405,72,405,0,1,405,0,300708,8,31783,121.489206999999990,31.265073000000001,121.495472285999990,31.260724178600000
406,69,406,0,1,406,0,301574,8,28658,121.500005000000000,31.261969000000001,121.506395714000010,31.260724178600000
407,47,407,0,1,407,0,302378,8,24409,121.511187000000010,31.256741000000002,121.517319142999990,31.260724178600000
408,56,408,0,1,408,0,303140,8,22897,121.522071000000000,31.262574000000001,121.528242571000010,31.260724178600000
409,32,409,0,1,409,0,303740,8,7538,121.532871000000000,31.263897000000000,121.539165999999990,31.260724178600000
410,13,410,0,1,410,0,304351,8,2211,121.547572000000000,31.265730000000001,121.550089429000000,31.260724178600000
411,34,411,0,1,411,0,304621,8,5850,121.555319999999990,31.260266000000001,121.561012856999990,31.260724178600000
412,27,412,0,1,412,0,304945,8,7028,121.565558000000000,31.266134999999998,121.571936286000000,31.260724178600000
413,29,413,0,1,413,0,305315,8,9308,121.576454000000000,31.260193999999998,121.582859713999990,31.260724178600000
414,25,414,0,1,414,0,305686,8,5763,121.587532999999990,31.256239000000001,121.593783143000000,31.260724178600000
415,39,415,0,1,415,0,305959,8,4832,121.599165000000000,31.260145000000001,121.604706570999990,31.260724178600000
416,31,416,0,1,416,0,306196,8,4855,121.609472999999990,31.265744999999999,121.615630000000000,31.260724178600000
417,21,417,0,1,417,0,306460,8,3603,121.620698000000000,31.258355000000002,121.626553429000000,31.260724178600000
418,9,418,0,1,418,0,306691,8,3457,121.633202000000000,31.265416999999999,121.637476857000000,31.260724178600000
419,18,419,0,1,419,0,306935,8,2056,121.646995000000000,31.264082999999999,121.648400286000000,31.260724178600000
420,9,420,0,1,420,0,288879,8,3090,121.349549999999990,31.274208000000002,121.353467714000000,31.269720535699999
421,16,421,0,1,421,0,289539,8,8163,121.362555000000000,31.269317999999998,121.364391143000010,31.269720535699999
422,28,422,0,1,422,0,289931,8,7364,121.369674000000000,31.271193000000000,121.375314571000000,31.269720535699999
423,51,423,0,1,423,0,290527,8,22467,121.379833000000000,31.274394999999998,121.386238000000010,31.269720535699999
424,36,424,0,1,424,0,291317,8,18246,121.390795000000000,31.264645999999999,121.397161428999990,31.269720535699999
425,52,425,0,1,425,0,292330,8,19181,121.401968000000000,31.269023000000001,121.408084857000010,31.269720535699999
426,48,426,0,1,426,0,293379,8,27626,121.414124000000000,31.267188999999998,121.419008285999990,31.269720535699999
427,48,427,0,1,427,0,294285,8,28573,121.423654000000000,31.274802999999999,121.429931714000010,31.269720535699999
428,52,428,0,1,428,0,295426,8,28012,121.434622000000000,31.270582000000001,121.440855142999990,31.269720535699999
429,66,429,0,1,429,0,296583,8,30873,121.445648000000010,31.265364999999999,121.451778571000010,31.269720535699999
430,73,430,0,1,430,0,297791,8,30166,121.456726000000000,31.271571000000002,121.462701999999990,31.269720535699999
431,90,431,0,1,431,0,298661,8,36579,121.467563000000000,31.268552000000000,121.473625428999990,31.269720535699999
432,82,432,0,1,432,0,299639,8,29165,121.478408000000000,31.271075000000000,121.484548856999990,31.269720535699999
433,51,433,0,1,433,0,300708,8,21033,121.489206999999990,31.265073000000001,121.495472285999990,31.269720535699999
434,54,434,0,1,434,0,301582,8,30939,121.500182000000000,31.274771999999999,121.506395714000010,31.269720535699999
435,47,435,0,1,435,0,302363,8,22052,121.510949999999990,31.267499000000001,121.517319142999990,31.269720535699999
436,59,436,0,1,436,0,303158,8,21933,121.522343000000010,31.266361000000000,121.528242571000010,31.269720535699999
437,56,437,0,1,437,0,303738,8,23850,121.532836000000000,31.272940999999999,121.539165999999990,31.269720535699999
438,22,438,0,1,438,0,304213,8,10728,121.544062000000000,31.268401999999998,121.550089429000000,31.269720535699999
439,12,439,0,1,439,0,304835,8,3899,121.562180000000000,31.264506999999998,121.561012856999990,31.269720535699999
440,22,440,0,1,440,0,304945,8,7797,121.565558000000000,31.266134999999998,121.571936286000000,31.269720535699999
441,36,441,0,1,441,0,305385,8,10099,121.578656000000000,31.265847000000001,121.582859713999990,31.269720535699999
442,31,442,0,1,442,0,305681,8,8023,121.587357999999990,31.272718000000001,121.593783143000000,31.269720535699999
443,28,443,0,1,443,0,305958,8,4596,121.598984000000000,31.268778999999999,121.604706570999990,31.269720535699999
444,18,444,0,1,444,0,306196,8,4896,121.609472999999990,31.265744999999999,121.615630000000000,31.269720535699999
445,22,445,0,1,445,0,306458,8,4949,121.620662000000000,31.272300999999999,121.626553429000000,31.269720535699999
446,12,446,0,1,446,0,306667,8,4694,121.632098000000000,31.270292000000001,121.637476857000000,31.269720535699999
447,21,447,0,1,447,0,306848,8,3931,121.641949000000000,31.267606000000001,121.648400286000000,31.269720535699999
448,17,448,0,1,448,0,288827,8,4784,121.348411000000000,31.280031000000001,121.353467714000000,31.278716892900000
449,33,449,0,1,449,0,289441,8,7648,121.360608000000000,31.282378000000001,121.364391143000010,31.278716892900000
450,26,450,0,1,450,0,289948,8,7681,121.370130000000000,31.273610000000001,121.375314571000000,31.278716892900000
451,31,451,0,1,451,0,290527,8,11302,121.379833000000000,31.274394999999998,121.386238000000010,31.278716892900000
452,44,452,0,1,452,0,291364,8,23926,121.391323000000000,31.273766999999999,121.397161428999990,31.278716892900000
453,49,453,0,1,453,0,292316,8,21491,121.401747000000000,31.281953999999999,121.408084857000010,31.278716892900000
454,50,454,0,1,454,0,293234,8,27843,121.412561999999990,31.281192999999998,121.419008285999990,31.278716892900000
455,41,455,0,1,455,0,294285,8,17320,121.423654000000000,31.274802999999999,121.429931714000010,31.278716892900000
456,44,456,0,1,456,0,295453,8,12863,121.434850999999990,31.273519000000000,121.440855142999990,31.278716892900000
457,72,457,0,1,457,0,296556,8,35282,121.445397000000000,31.275534000000000,121.451778571000010,31.278716892900000
458,46,458,0,1,458,0,297811,8,24440,121.456922000000010,31.277460000000001,121.462701999999990,31.278716892900000
459,73,459,0,1,459,0,298732,8,27697,121.468605999999990,31.280407000000000,121.473625428999990,31.278716892900000
460,76,460,0,1,460,0,299618,8,30250,121.478230999999990,31.277697000000000,121.484548856999990,31.278716892900000
461,73,461,0,1,461,0,300716,8,29875,121.489265000000000,31.278779000000000,121.495472285999990,31.278716892900000
462,65,462,0,1,462,0,301573,8,37028,121.499979999999990,31.280411999999998,121.506395714000010,31.278716892900000
463,57,463,0,1,463,0,302385,8,32296,121.511253000000000,31.275728000000001,121.517319142999990,31.278716892900000
464,41,464,0,1,464,0,303141,8,20807,121.522082999999990,31.279914999999999,121.528242571000010,31.278716892900000
465,44,465,0,1,465,0,303829,8,15478,121.534509000000000,31.279691000000000,121.539165999999990,31.278716892900000
466,32,466,0,1,466,0,304235,8,14013,121.544533000000000,31.280857999999998,121.550089429000000,31.278716892900000
467,8,467,0,1,467,0,304613,8,7676,121.555128000000000,31.277985999999999,121.561012856999990,31.278716892900000
468,19,468,0,1,468,0,305140,8,5481,121.571268000000000,31.280760000000001,121.571936286000000,31.278716892900000
469,39,469,0,1,469,0,305321,8,7683,121.576660000000000,31.278445999999999,121.582859713999990,31.278716892900000
470,33,470,0,1,470,0,305698,8,5007,121.588029000000010,31.278379000000001,121.593783143000000,31.278716892900000
471,25,471,0,1,471,0,305965,8,5238,121.599438000000010,31.281196999999999,121.604706570999990,31.278716892900000
472,16,472,0,1,472,0,306206,8,3698,121.609742999999990,31.277246000000002,121.615630000000000,31.278716892900000
473,13,473,0,1,473,0,306474,8,1434,121.621103000000010,31.278184000000000,121.626553429000000,31.278716892900000
474,12,474,0,1,474,0,306700,8,3183,121.633554000000000,31.278399000000000,121.637476857000000,31.278716892900000
475,27,475,0,1,475,0,306862,8,5025,121.642498000000000,31.283687000000000,121.648400286000000,31.278716892900000
476,29,476,0,1,476,0,288813,8,12961,121.348035000000000,31.285159000000000,121.353467714000000,31.287713249999999
477,27,477,0,1,477,0,289385,8,4527,121.359402000000000,31.287277000000000,121.364391143000010,31.287713249999999
478,24,478,0,1,478,0,289888,8,11341,121.368923000000000,31.285011000000001,121.375314571000000,31.287713249999999
479,25,479,0,1,479,0,290552,8,12933,121.380256000000000,31.287054999999999,121.386238000000010,31.287713249999999
480,40,480,0,1,480,0,291324,8,25990,121.390879000000000,31.288740000000001,121.397161428999990,31.287713249999999
481,44,481,0,1,481,0,292371,8,21193,121.402407000000000,31.284981999999999,121.408084857000010,31.287713249999999
482,59,482,0,1,482,0,293237,8,23427,121.412631000000000,31.285664000000001,121.419008285999990,31.287713249999999
483,39,483,0,1,483,0,294306,8,20111,121.423862000000000,31.290759000000001,121.429931714000010,31.287713249999999
484,51,484,0,1,484,0,295481,8,15680,121.435115999999990,31.285139999999998,121.440855142999990,31.287713249999999
485,49,485,0,1,485,0,296578,8,19480,121.445582000000000,31.285073000000001,121.451778571000010,31.287713249999999
486,43,486,0,1,486,0,297754,8,12747,121.456396000000000,31.284987999999998,121.462701999999990,31.287713249999999
487,58,487,0,1,487,0,298683,8,30015,121.467935000000000,31.286438000000000,121.473625428999990,31.287713249999999
488,103,488,0,1,488,0,299624,8,30122,121.478247000000000,31.287572999999998,121.484548856999990,31.287713249999999
489,68,489,0,1,489,0,300699,8,20653,121.489079000000000,31.292280000000002,121.495472285999990,31.287713249999999
490,57,490,0,1,490,0,301572,8,24213,121.499973999999990,31.288557000000001,121.506395714000010,31.287713249999999
491,45,491,0,1,491,0,302368,8,25894,121.511089000000000,31.290095999999998,121.517319142999990,31.287713249999999
492,39,492,0,1,492,0,303122,8,34796,121.521801999999990,31.289287000000002,121.528242571000010,31.287713249999999
493,33,493,0,1,493,0,303754,8,22161,121.533133000000010,31.286007000000001,121.539165999999990,31.287713249999999
494,34,494,0,1,494,0,304207,8,15165,121.543820999999990,31.284931000000000,121.550089429000000,31.287713249999999
495,8,495,0,1,495,0,304606,8,2626,121.554789000000000,31.289923000000002,121.561012856999990,31.287713249999999
496,16,496,0,1,496,0,305031,8,5311,121.567880000000000,31.286892999999999,121.571936286000000,31.287713249999999
497,25,497,0,1,497,0,305383,8,6491,121.578638000000000,31.292901000000001,121.582859713999990,31.287713249999999
498,14,498,0,1,498,0,305706,8,3894,121.588487000000000,31.291734999999999,121.593783143000000,31.287713249999999
499,27,499,0,1,499,0,305955,8,5417,121.598815000000000,31.290854000000000,121.604706570999990,31.287713249999999
500,9,500,0,1,500,0,306223,8,2024,121.610239000000010,31.292529999999999,121.615630000000000,31.287713249999999
501,6,501,0,1,501,0,306479,8,893,121.621211000000000,31.282292000000002,121.626553429000000,31.287713249999999
502,7,502,0,1,502,0,306808,8,1093,121.640186000000000,31.284102000000001,121.637476857000000,31.287713249999999
503,6,503,0,1,503,0,306862,8,1010,121.642498000000000,31.283687000000000,121.648400286000000,31.287713249999999
504,15,504,0,1,504,0,288817,8,5896,121.348174000000000,31.292576000000000,121.353467714000000,31.296709607099999
505,11,505,0,1,505,0,289362,8,3255,121.358825000000000,31.299274000000000,121.364391143000010,31.296709607099999
506,10,506,0,1,506,0,289908,8,5038,121.369320000000000,31.297604000000000,121.375314571000000,31.296709607099999
507,8,507,0,1,507,0,290680,8,6557,121.382136000000000,31.292217000000001,121.386238000000010,31.296709607099999
508,23,508,0,1,508,0,291434,8,7424,121.392083000000000,31.297554000000002,121.397161428999990,31.296709607099999
509,32,509,0,1,509,0,292396,8,8821,121.402610999999990,31.295072999999999,121.408084857000010,31.296709607099999
510,18,510,0,1,510,0,293320,8,6108,121.413486000000010,31.296491000000000,121.419008285999990,31.296709607099999
511,38,511,0,1,511,0,294343,8,16016,121.424156999999990,31.299551000000001,121.429931714000010,31.296709607099999
512,56,512,0,1,512,0,295417,8,21795,121.434549000000000,31.296491000000000,121.440855142999990,31.296709607099999
513,31,513,0,1,513,0,296551,8,11155,121.445351000000000,31.298452999999999,121.451778571000010,31.296709607099999
514,41,514,0,1,514,0,297748,8,19801,121.456315000000000,31.295998000000001,121.462701999999990,31.296709607099999
515,43,515,0,1,515,0,298638,8,31080,121.467280000000000,31.299301000000000,121.473625428999990,31.296709607099999
516,79,516,0,1,516,0,299638,8,25005,121.478392000000000,31.292639000000001,121.484548856999990,31.296709607099999
517,58,517,0,1,517,0,300699,8,18745,121.489079000000000,31.292280000000002,121.495472285999990,31.296709607099999
518,78,518,0,1,518,0,301577,8,26996,121.500030000000000,31.297916000000001,121.506395714000010,31.296709607099999
519,64,519,0,1,519,0,302373,8,14054,121.511115000000000,31.301697000000001,121.517319142999990,31.296709607099999
520,40,520,0,1,520,0,303144,8,17046,121.522127000000000,31.302026999999999,121.528242571000010,31.296709607099999
521,38,521,0,1,521,0,303776,8,19593,121.533410000000000,31.291722000000000,121.539165999999990,31.296709607099999
522,29,522,0,1,522,0,304251,8,13103,121.544963999999990,31.292390000000001,121.550089429000000,31.296709607099999
523,6,523,0,1,523,0,304702,8,759,121.557864000000000,31.295712999999999,121.561012856999990,31.296709607099999
524,24,524,0,1,524,0,304972,8,3971,121.566244000000000,31.300030000000000,121.571936286000000,31.296709607099999
525,17,525,0,1,525,0,305383,8,3804,121.578638000000000,31.292901000000001,121.582859713999990,31.296709607099999
526,2,526,0,1,526,0,305706,8,1894,121.588487000000000,31.291734999999999,121.593783143000000,31.296709607099999
527,20,527,0,1,527,0,305968,8,5946,121.599486000000000,31.292724000000000,121.604706570999990,31.296709607099999
528,15,528,0,1,528,0,306223,8,2270,121.610239000000010,31.292529999999999,121.615630000000000,31.296709607099999
529,8,529,0,1,529,0,306508,8,1243,121.623154000000000,31.299707999999999,121.626553429000000,31.296709607099999
530,10,530,0,1,530,0,306735,8,1368,121.636276000000000,31.294371000000002,121.637476857000000,31.296709607099999
531,2,531,0,1,531,0,306917,8,149,121.645701000000000,31.299281000000001,121.648400286000000,31.296709607099999
532,12,532,0,1,532,0,288883,8,3837,121.349686000000010,31.311191000000001,121.353467714000000,31.305705964300000
533,11,533,0,1,533,0,289363,8,4780,121.358836999999990,31.310244999999998,121.364391143000010,31.305705964300000
534,3,534,0,1,534,0,289913,8,2082,121.369379000000000,31.308558999999999,121.375314571000000,31.305705964300000
535,13,535,0,1,535,0,290800,8,7236,121.383715000000000,31.309888000000001,121.386238000000010,31.305705964300000
536,24,536,0,1,536,0,291415,8,12878,121.391872000000010,31.302237000000002,121.397161428999990,31.305705964300000
537,31,537,0,1,537,0,292414,8,15045,121.402806000000000,31.305145000000000,121.408084857000010,31.305705964300000
538,15,538,0,1,538,0,293273,8,7632,121.413028999999990,31.304205000000000,121.419008285999990,31.305705964300000
539,23,539,0,1,539,0,294385,8,12475,121.424625000000010,31.305375000000002,121.429931714000010,31.305705964300000
540,38,540,0,1,540,0,295476,8,19265,121.435057000000000,31.306999999999999,121.440855142999990,31.305705964300000
541,16,541,0,1,541,0,296574,8,6266,121.445569000000010,31.307293000000001,121.451778571000010,31.305705964300000
542,38,542,0,1,542,0,297745,8,12143,121.456301999999990,31.311100000000000,121.462701999999990,31.305705964300000
543,46,543,0,1,543,0,298644,8,15911,121.467372999999990,31.305592000000001,121.473625428999990,31.305705964300000
544,54,544,0,1,544,0,299612,8,28265,121.478194000000000,31.305084000000001,121.484548856999990,31.305705964300000
545,42,545,0,1,545,0,300749,8,22685,121.489700000000000,31.302980999999999,121.495472285999990,31.305705964300000
546,91,546,0,1,546,0,301598,8,21656,121.500350000000000,31.302083000000000,121.506395714000010,31.305705964300000
547,70,547,0,1,547,0,302356,8,19792,121.510869000000000,31.302589999999999,121.517319142999990,31.305705964300000
548,49,548,0,1,548,0,303135,8,20895,121.522000000000010,31.310411999999999,121.528242571000010,31.305705964300000
549,44,549,0,1,549,0,303736,8,11851,121.532754000000000,31.307749000000001,121.539165999999990,31.305705964300000
550,15,550,0,1,550,0,304221,8,4365,121.544239000000000,31.310476000000001,121.550089429000000,31.305705964300000
551,6,551,0,1,551,0,304713,8,3048,121.558094999999990,31.306837999999999,121.561012856999990,31.305705964300000
552,17,552,0,1,552,0,305040,8,1586,121.568150000000000,31.305513999999999,121.571936286000000,31.305705964300000
553,18,553,0,1,553,0,305324,8,2697,121.576770999999990,31.305909000000000,121.582859713999990,31.305705964300000
554,7,554,0,1,554,0,305685,8,2649,121.587457000000000,31.302651999999998,121.593783143000000,31.305705964300000
555,27,555,0,1,555,0,305978,8,4404,121.600067000000000,31.306224000000000,121.604706570999990,31.305705964300000
556,16,556,0,1,556,0,306222,8,3460,121.610218000000000,31.310061000000001,121.615630000000000,31.305705964300000
557,11,557,0,1,557,0,306484,8,3588,121.621495000000000,31.309840000000001,121.626553429000000,31.305705964300000
558,9,558,0,1,558,0,306668,8,1436,121.632227000000000,31.303203000000000,121.637476857000000,31.305705964300000
559,7,559,0,1,559,0,306904,8,1171,121.644847000000000,31.305185999999999,121.648400286000000,31.305705964300000
560,14,560,0,1,560,0,288815,8,5686,121.348089000000000,31.312201999999999,121.353467714000000,31.314702321399999
561,8,561,0,1,561,0,289315,8,4279,121.357934000000000,31.316600999999999,121.364391143000010,31.314702321399999
562,27,562,0,1,562,0,289973,8,11675,121.370606000000000,31.315951999999999,121.375314571000000,31.314702321399999
563,48,563,0,1,563,0,290544,8,12611,121.380131000000010,31.317104000000000,121.386238000000010,31.314702321399999
564,34,564,0,1,564,0,291313,8,11803,121.390761000000000,31.313492000000000,121.397161428999990,31.314702321399999
565,18,565,0,1,565,0,292416,8,6902,121.402823000000000,31.311418000000000,121.408084857000010,31.314702321399999
566,6,566,0,1,566,0,293361,8,2599,121.413881000000000,31.319102000000001,121.419008285999990,31.314702321399999
567,25,567,0,1,567,0,294269,8,15114,121.423495000000000,31.313637000000000,121.429931714000010,31.314702321399999
568,56,568,0,1,568,0,295408,8,43192,121.434398000000000,31.316088000000001,121.440855142999990,31.314702321399999
569,42,569,0,1,569,0,296576,8,26308,121.445580000000010,31.311554999999998,121.451778571000010,31.314702321399999
570,34,570,0,1,570,0,297745,8,7947,121.456301999999990,31.311100000000000,121.462701999999990,31.314702321399999
571,23,571,0,1,571,0,298749,8,7210,121.468889000000000,31.315175000000000,121.473625428999990,31.314702321399999
572,38,572,0,1,572,0,299659,8,31290,121.478651000000000,31.311468999999999,121.484548856999990,31.314702321399999
573,23,573,0,1,573,0,300709,8,11152,121.489209000000000,31.312443999999999,121.495472285999990,31.314702321399999
574,23,574,0,1,574,0,301599,8,7574,121.500361000000000,31.319913000000000,121.506395714000010,31.314702321399999
575,51,575,0,1,575,0,302362,8,21605,121.510946000000000,31.319604000000002,121.517319142999990,31.314702321399999
576,47,576,0,1,576,0,303135,8,22088,121.522000000000010,31.310411999999999,121.528242571000010,31.314702321399999
577,26,577,0,1,577,0,303775,8,11870,121.533400000000000,31.316510000000001,121.539165999999990,31.314702321399999
578,12,578,0,1,578,0,304221,8,3489,121.544239000000000,31.310476000000001,121.550089429000000,31.314702321399999
579,10,579,0,1,579,0,304603,8,2321,121.554739000000000,31.315909000000001,121.561012856999990,31.314702321399999
580,19,580,0,1,580,0,304971,8,802,121.566188999999990,31.318287999999999,121.571936286000000,31.314702321399999
581,13,581,0,1,581,0,305350,8,1768,121.577400999999990,31.318069000000001,121.582859713999990,31.314702321399999
582,7,582,0,1,582,0,305728,8,1125,121.589312000000010,31.314402999999999,121.593783143000000,31.314702321399999
583,21,583,0,1,583,0,305993,8,2327,121.600489000000000,31.315099000000000,121.604706570999990,31.314702321399999
584,24,584,0,1,584,0,306189,8,4548,121.609168999999990,31.315218999999999,121.615630000000000,31.314702321399999
585,15,585,0,1,585,0,306451,8,3079,121.620349000000000,31.312068000000000,121.626553429000000,31.314702321399999
586,13,586,0,1,586,0,306651,8,2030,121.631056000000000,31.311349000000000,121.637476857000000,31.314702321399999
587,1,587,0,1,587,0,312882,8,38,121.653435000000000,31.317219999999999,121.648400286000000,31.314702321399999
588,9,588,0,1,588,0,288897,8,2255,121.350071000000000,31.324062999999999,121.353467714000000,31.323698678600000
589,9,589,0,1,589,0,289359,8,1273,121.358770000000010,31.326774000000000,121.364391143000010,31.323698678600000
590,15,590,0,1,590,0,289990,8,4181,121.370907000000000,31.319922999999999,121.375314571000000,31.323698678600000
591,41,591,0,1,591,0,290623,8,11241,121.381296000000010,31.327629999999999,121.386238000000010,31.323698678600000
592,33,592,0,1,592,0,291331,8,6919,121.390981000000000,31.318417000000000,121.397161428999990,31.323698678600000
593,17,593,0,1,593,0,292363,8,2665,121.402358000000010,31.326981000000000,121.408084857000010,31.323698678600000
594,10,594,0,1,594,0,293361,8,2474,121.413881000000000,31.319102000000001,121.419008285999990,31.323698678600000
595,40,595,0,1,595,0,294357,8,13233,121.424317000000000,31.321400000000001,121.429931714000010,31.323698678600000
596,55,596,0,1,596,0,295409,8,19440,121.434414000000000,31.320053000000001,121.440855142999990,31.323698678600000
597,25,597,0,1,597,0,296592,8,15372,121.445717000000000,31.326922000000000,121.451778571000010,31.323698678600000
598,28,598,0,1,598,0,297949,8,8022,121.458470000000010,31.327228999999999,121.462701999999990,31.323698678600000
599,38,599,0,1,599,0,298645,8,11917,121.467378999999990,31.321698000000001,121.473625428999990,31.323698678600000
600,31,600,0,1,600,0,299604,8,13381,121.478129999999990,31.322994999999999,121.484548856999990,31.323698678600000
601,12,601,0,1,601,0,300713,8,4935,121.489238000000000,31.322547000000000,121.495472285999990,31.323698678600000
602,20,602,0,1,602,0,301599,8,3420,121.500361000000000,31.319913000000000,121.506395714000010,31.323698678600000
603,28,603,0,1,603,0,302362,8,10042,121.510946000000000,31.319604000000002,121.517319142999990,31.323698678600000
604,48,604,0,1,604,0,303143,8,25197,121.522122000000000,31.323115000000001,121.528242571000010,31.323698678600000
605,25,605,0,1,605,0,303737,8,12610,121.532756000000010,31.321549000000001,121.539165999999990,31.323698678600000
606,11,606,0,1,606,0,304295,8,3471,121.546169000000010,31.326273000000000,121.550089429000000,31.323698678600000
607,12,607,0,1,607,0,304806,8,1311,121.561254000000010,31.320218000000001,121.561012856999990,31.323698678600000
608,17,608,0,1,608,0,304950,8,1447,121.565715000000000,31.328755999999998,121.571936286000000,31.323698678600000
609,28,609,0,1,609,0,305405,8,2892,121.579445000000010,31.325246000000000,121.582859713999990,31.323698678600000
610,19,610,0,1,610,0,305683,8,2552,121.587368000000000,31.327373999999999,121.593783143000000,31.323698678600000
611,31,611,0,1,611,0,306005,8,2739,121.600948000000000,31.320588999999998,121.604706570999990,31.323698678600000
612,23,612,0,1,612,0,306193,8,1982,121.609337000000000,31.326747999999998,121.615630000000000,31.323698678600000
613,16,613,0,1,613,0,306486,8,2144,121.621592000000010,31.318352999999998,121.626553429000000,31.323698678600000
614,9,614,0,1,614,0,306664,8,872,121.631895000000000,31.320982999999998,121.637476857000000,31.323698678600000
615,11,615,0,1,615,0,306885,8,1298,121.643441999999990,31.323955999999999,121.648400286000000,31.323698678600000
616,10,616,0,1,616,0,288985,8,1193,121.351254000000000,31.330950999999999,121.353467714000000,31.332695035699999
617,13,617,0,1,617,0,289327,8,2229,121.358144999999990,31.332394000000001,121.364391143000010,31.332695035699999
618,12,618,0,1,618,0,289999,8,2155,121.370981000000000,31.330994000000000,121.375314571000000,31.332695035699999
619,15,619,0,1,619,0,290623,8,3622,121.381296000000010,31.327629999999999,121.386238000000010,31.332695035699999
620,33,620,0,1,620,0,291473,8,5878,121.392461999999990,31.333320000000001,121.397161428999990,31.332695035699999
621,17,621,0,1,621,0,292323,8,3938,121.401875000000000,31.333603000000000,121.408084857000010,31.332695035699999
622,14,622,0,1,622,0,293239,8,3874,121.412676000000000,31.334294000000000,121.419008285999990,31.332695035699999
623,31,623,0,1,623,0,294338,8,9898,121.424117000000000,31.330138999999999,121.429931714000010,31.332695035699999
624,44,624,0,1,624,0,295451,8,16773,121.434826000000000,31.327271000000000,121.440855142999990,31.332695035699999
625,39,625,0,1,625,0,296593,8,17408,121.445732000000010,31.335722000000001,121.451778571000010,31.332695035699999
626,24,626,0,1,626,0,297741,8,8900,121.456267999999990,31.330494000000002,121.462701999999990,31.332695035699999
627,23,627,0,1,627,0,298777,8,9692,121.469153000000010,31.337043000000001,121.473625428999990,31.332695035699999
628,29,628,0,1,628,0,299601,8,10764,121.478122000000000,31.334678000000000,121.484548856999990,31.332695035699999
629,15,629,0,1,629,0,300735,8,2825,121.489491000000000,31.329840000000001,121.495472285999990,31.332695035699999
630,28,630,0,1,630,0,301836,8,3287,121.503297000000000,31.333030000000001,121.506395714000010,31.332695035699999
631,23,631,0,1,631,0,302366,8,5545,121.511052000000010,31.331251999999999,121.517319142999990,31.332695035699999
632,32,632,0,1,632,0,303129,8,17323,121.521917000000000,31.330535999999999,121.528242571000010,31.332695035699999
633,20,633,0,1,633,0,303766,8,11946,121.533300000000000,31.336158999999999,121.539165999999990,31.332695035699999
634,10,634,0,1,634,0,304237,8,3561,121.544569000000000,31.333908000000001,121.550089429000000,31.332695035699999
635,14,635,0,1,635,0,304696,8,1792,121.557705000000000,31.333093999999999,121.561012856999990,31.332695035699999
636,27,636,0,1,636,0,304950,8,2140,121.565715000000000,31.328755999999998,121.571936286000000,31.332695035699999
637,30,637,0,1,637,0,305352,8,4554,121.577416000000000,31.336798999999999,121.582859713999990,31.332695035699999
638,39,638,0,1,638,0,305683,8,4654,121.587368000000000,31.327373999999999,121.593783143000000,31.332695035699999
639,22,639,0,1,639,0,305957,8,1555,121.598964000000000,31.334361000000001,121.604706570999990,31.332695035699999
640,18,640,0,1,640,0,306205,8,2793,121.609727000000010,31.327570000000001,121.615630000000000,31.332695035699999
641,5,641,0,1,641,0,306468,8,547,121.620952000000000,31.331265999999999,121.626553429000000,31.332695035699999
642,9,642,0,1,642,0,306662,8,1709,121.631778000000000,31.337492000000001,121.637476857000000,31.332695035699999
643,2,643,0,1,643,0,306936,8,105,121.646995000000000,31.332978000000001,121.648400286000000,31.332695035699999
644,5,644,0,1,644,0,289068,8,869,121.353070000000000,31.346826000000000,121.353467714000000,31.341691392900000
645,13,645,0,1,645,0,289344,8,4428,121.358431000000000,31.344194999999999,121.364391143000010,31.341691392900000
646,10,646,0,1,646,0,289985,8,3330,121.370833000000000,31.346468000000002,121.375314571000000,31.341691392900000
647,16,647,0,1,647,0,290689,8,6729,121.382205000000000,31.343706999999998,121.386238000000010,31.341691392900000
648,18,648,0,1,648,0,291479,8,4990,121.392546999999990,31.345071000000001,121.397161428999990,31.341691392900000
649,9,649,0,1,649,0,292314,8,3191,121.401736000000000,31.339247000000000,121.408084857000010,31.341691392900000
650,13,650,0,1,650,0,293250,8,3258,121.412799000000010,31.341470000000001,121.419008285999990,31.341691392900000
651,25,651,0,1,651,0,294454,8,7558,121.425269000000000,31.347156999999999,121.429931714000010,31.341691392900000
652,29,652,0,1,652,0,295439,8,16080,121.434707000000000,31.342921000000000,121.440855142999990,31.341691392900000
653,34,653,0,1,653,0,296634,8,13615,121.446062000000000,31.341739000000000,121.451778571000010,31.341691392900000
654,13,654,0,1,654,0,298065,8,2506,121.459946000000000,31.345521000000002,121.462701999999990,31.341691392900000
655,38,655,0,1,655,0,298704,8,9424,121.468200000000000,31.342120999999999,121.473625428999990,31.341691392900000
656,38,656,0,1,656,0,299613,8,12404,121.478202999999990,31.344427000000000,121.484548856999990,31.341691392900000
657,25,657,0,1,657,0,300777,8,7631,121.490044000000000,31.344004000000002,121.495472285999990,31.341691392900000
658,13,658,0,1,658,0,301613,8,2600,121.500476000000010,31.342151999999999,121.506395714000010,31.341691392900000
659,13,659,0,1,659,0,302399,8,4551,121.511449000000000,31.346354999999999,121.517319142999990,31.341691392900000
660,14,660,0,1,660,0,303155,8,4041,121.522328000000000,31.342435999999999,121.528242571000010,31.341691392900000
661,5,661,0,1,661,0,304005,8,2767,121.538234000000000,31.336907000000000,121.539165999999990,31.341691392900000
662,4,662,0,1,662,0,304553,8,204,121.553314000000000,31.343257999999999,121.550089429000000,31.341691392900000
663,19,663,0,1,663,0,304630,8,2498,121.555486000000000,31.343648000000002,121.561012856999990,31.341691392900000
664,49,664,0,1,664,0,304964,8,8467,121.565950000000000,31.342051000000001,121.571936286000000,31.341691392900000
665,56,665,0,1,665,0,305318,8,6986,121.576587000000000,31.346861000000001,121.582859713999990,31.341691392900000
666,43,666,0,1,666,0,305682,8,4498,121.587360000000000,31.341256000000001,121.593783143000000,31.341691392900000
667,15,667,0,1,667,0,305949,8,1254,121.598271999999990,31.346087000000001,121.604706570999990,31.341691392900000
668,7,668,0,1,668,0,306191,8,773,121.609294000000010,31.340937000000000,121.615630000000000,31.341691392900000
669,2,669,0,1,669,0,306616,8,1346,121.629233000000000,31.344327000000000,121.626553429000000,31.341691392900000
670,4,670,0,1,670,0,306662,8,1958,121.631778000000000,31.337492000000001,121.637476857000000,31.341691392900000
671,0,671,0,1,671,0,0,0,0,0.000000000000000,0.000000000000000,121.648400286000000,31.341691392900000
672,25,672,0,1,672,0,288833,8,5658,121.348622000000010,31.349402999999999,121.353467714000000,31.350687749999999
673,35,673,0,1,673,0,289364,8,8599,121.358911000000010,31.351331999999999,121.364391143000010,31.350687749999999
674,23,674,0,1,674,0,289964,8,7558,121.370425000000000,31.354808999999999,121.375314571000000,31.350687749999999
675,19,675,0,1,675,0,290582,8,7399,121.380641999999990,31.350543999999999,121.386238000000010,31.350687749999999
676,27,676,0,1,676,0,291345,8,8021,121.391111000000000,31.352630000000001,121.397161428999990,31.350687749999999
677,17,677,0,1,677,0,292386,8,4565,121.402530000000000,31.352134000000000,121.408084857000010,31.350687749999999
678,24,678,0,1,678,0,293300,8,4632,121.413279000000000,31.353718000000001,121.419008285999990,31.350687749999999
679,39,679,0,1,679,0,294309,8,7465,121.423882000000010,31.355530999999999,121.429931714000010,31.350687749999999
680,12,680,0,1,680,0,295412,8,1915,121.434458000000010,31.349705000000000,121.440855142999990,31.350687749999999
681,12,681,0,1,681,0,296759,8,4494,121.447333000000000,31.355737999999999,121.451778571000010,31.350687749999999
682,9,682,0,1,682,0,297771,8,2701,121.456537000000000,31.352737000000001,121.462701999999990,31.350687749999999
683,14,683,0,1,683,0,298689,8,3455,121.467994000000000,31.351749999999999,121.473625428999990,31.350687749999999
684,21,684,0,1,684,0,299728,8,7087,121.479215999999990,31.348666000000001,121.484548856999990,31.350687749999999
685,21,685,0,1,685,0,300829,8,9131,121.490656000000000,31.345538999999999,121.495472285999990,31.350687749999999
686,8,686,0,1,686,0,301619,8,2330,121.500622000000010,31.350594999999998,121.506395714000010,31.350687749999999
687,6,687,0,1,687,0,302399,8,1683,121.511449000000000,31.346354999999999,121.517319142999990,31.350687749999999
688,9,688,0,1,688,0,303157,8,685,121.522339000000000,31.351997000000001,121.528242571000010,31.350687749999999
689,14,689,0,1,689,0,303769,8,1563,121.533354000000000,31.351717000000001,121.539165999999990,31.350687749999999
690,14,690,0,1,690,0,304220,8,1578,121.544231999999990,31.353005000000000,121.550089429000000,31.350687749999999
691,24,691,0,1,691,0,304601,8,3730,121.554598000000000,31.355696999999999,121.561012856999990,31.350687749999999
692,45,692,0,1,692,0,305009,8,6411,121.567321000000010,31.347863000000000,121.571936286000000,31.350687749999999
693,43,693,0,1,693,0,305318,8,3054,121.576587000000000,31.346861000000001,121.582859713999990,31.350687749999999
694,17,694,0,1,694,0,305722,8,1052,121.589100000000000,31.346498000000000,121.593783143000000,31.350687749999999
695,3,695,0,1,695,0,305949,8,83,121.598271999999990,31.346087000000001,121.604706570999990,31.350687749999999
696,3,696,0,1,696,0,306267,8,320,121.612235000000000,31.353356000000002,121.615630000000000,31.350687749999999
697,0,697,0,1,697,0,0,0,0,0.000000000000000,0.000000000000000,121.626553429000000,31.350687749999999
698,0,698,0,1,698,0,0,0,0,0.000000000000000,0.000000000000000,121.637476857000000,31.350687749999999
699,0,699,0,1,699,0,0,0,0,0.000000000000000,0.000000000000000,121.648400286000000,31.350687749999999
700,11,700,0,1,700,0,288950,8,4732,121.350853000000000,31.358239000000001,121.353467714000000,31.359684107100001
701,23,701,0,1,701,0,289388,8,6880,121.359437000000000,31.354702000000000,121.364391143000010,31.359684107100001
702,18,702,0,1,702,0,289911,8,5326,121.369333999999990,31.364411000000000,121.375314571000000,31.359684107100001
703,12,703,0,1,703,0,290900,8,5508,121.385166000000000,31.356673000000001,121.386238000000010,31.359684107100001
704,10,704,0,1,704,0,291449,8,4517,121.392180000000000,31.359691999999999,121.397161428999990,31.359684107100001
705,16,705,0,1,705,0,292332,8,6926,121.401988000000000,31.363443000000000,121.408084857000010,31.359684107100001
706,18,706,0,1,706,0,293592,8,3488,121.416487000000000,31.356831000000000,121.419008285999990,31.359684107100001
707,30,707,0,1,707,0,294270,8,7849,121.423508000000000,31.357462000000002,121.429931714000010,31.359684107100001
708,18,708,0,1,708,0,295620,8,6217,121.436381999999990,31.364191999999999,121.440855142999990,31.359684107100001
709,16,709,0,1,709,0,296552,8,5586,121.445359999999990,31.361802999999998,121.451778571000010,31.359684107100001
710,10,710,0,1,710,0,298084,8,486,121.460325000000000,31.361446999999998,121.462701999999990,31.359684107100001
711,5,711,0,1,711,0,299043,8,677,121.472085000000010,31.357254000000001,121.473625428999990,31.359684107100001
712,10,712,0,1,712,0,299617,8,3269,121.478224999999990,31.364521000000000,121.484548856999990,31.359684107100001
713,16,713,0,1,713,0,300719,8,5911,121.489313000000000,31.364021000000001,121.495472285999990,31.359684107100001
714,1,714,0,1,714,0,302211,8,205,121.508754999999990,31.361974000000000,121.506395714000010,31.359684107100001
715,4,715,0,1,715,0,302628,8,463,121.514639000000000,31.358217000000000,121.517319142999990,31.359684107100001
716,6,716,0,1,716,0,303123,8,367,121.521821000000000,31.356542000000001,121.528242571000010,31.359684107100001
717,7,717,0,1,717,0,303851,8,960,121.534865999999990,31.359095000000000,121.539165999999990,31.359684107100001
718,12,718,0,1,718,0,304357,8,895,121.547813000000000,31.364716999999999,121.550089429000000,31.359684107100001
719,8,719,0,1,719,0,304601,8,872,121.554598000000000,31.355696999999999,121.561012856999990,31.359684107100001
720,18,720,0,1,720,0,305001,8,950,121.566969000000000,31.363453000000000,121.571936286000000,31.359684107100001
721,15,721,0,1,721,0,305360,8,1179,121.577641000000000,31.354289999999999,121.582859713999990,31.359684107100001
722,2,722,0,1,722,0,312642,8,203,121.597010999999990,31.360590999999999,121.593783143000000,31.359684107100001
723,2,723,0,1,723,0,314879,8,241,121.603727000000010,31.358073999999998,121.604706570999990,31.359684107100001
724,1,724,0,1,724,0,306494,8,79,121.621979000000000,31.362107999999999,121.615630000000000,31.359684107100001
725,1,725,0,1,725,0,306494,8,79,121.621979000000000,31.362107999999999,121.626553429000000,31.359684107100001
726,0,726,0,1,726,0,0,0,0,0.000000000000000,0.000000000000000,121.637476857000000,31.359684107100001
727,0,727,0,1,727,0,0,0,0,0.000000000000000,0.000000000000000,121.648400286000000,31.359684107100001
728,9,728,0,1,728,0,288857,8,2890,121.349052000000000,31.366112000000001,121.353467714000000,31.368680464299999
729,14,729,0,1,729,0,289354,8,4001,121.358665000000000,31.366429000000000,121.364391143000010,31.368680464299999
730,8,730,0,1,730,0,289911,8,1808,121.369333999999990,31.364411000000000,121.375314571000000,31.368680464299999
731,8,731,0,1,731,0,290536,8,1108,121.380021000000000,31.365583000000001,121.386238000000010,31.368680464299999
732,12,732,0,1,732,0,291443,8,4236,121.392124000000000,31.372237999999999,121.397161428999990,31.368680464299999
733,15,733,0,1,733,0,292306,8,6647,121.401644000000000,31.367208000000002,121.408084857000010,31.368680464299999
734,10,734,0,1,734,0,293393,8,4880,121.414347000000010,31.368048999999999,121.419008285999990,31.368680464299999
735,31,735,0,1,735,0,294427,8,11216,121.425025000000010,31.372907000000001,121.429931714000010,31.368680464299999
736,19,736,0,1,736,0,295492,8,7234,121.435253000000000,31.370139999999999,121.440855142999990,31.368680464299999
737,14,737,0,1,737,0,296601,8,3894,121.445773000000000,31.371773000000001,121.451778571000010,31.368680464299999
738,12,738,0,1,738,0,297770,8,3187,121.456517000000010,31.365781999999999,121.462701999999990,31.368680464299999
739,12,739,0,1,739,0,298659,8,3592,121.467553000000000,31.372288999999999,121.473625428999990,31.368680464299999
740,34,740,0,1,740,0,299617,8,10273,121.478224999999990,31.364521000000000,121.484548856999990,31.368680464299999
741,23,741,0,1,741,0,300703,8,9038,121.489116000000000,31.372022000000001,121.495472285999990,31.368680464299999
742,2,742,0,1,742,0,302059,8,656,121.506663000000000,31.371335999999999,121.506395714000010,31.368680464299999
743,6,743,0,1,743,0,302510,8,311,121.513153000000000,31.366430000000001,121.517319142999990,31.368680464299999
744,3,744,0,1,744,0,303584,8,352,121.529683000000010,31.373145000000001,121.528242571000010,31.368680464299999
745,9,745,0,1,745,0,303855,8,2019,121.534936000000000,31.364618000000000,121.539165999999990,31.368680464299999
746,12,746,0,1,746,0,304241,8,921,121.544672000000010,31.365966000000000,121.550089429000000,31.368680464299999
747,10,747,0,1,747,0,304676,8,590,121.557107000000000,31.366876999999999,121.561012856999990,31.368680464299999
748,3,748,0,1,748,0,305001,8,87,121.566969000000000,31.363453000000000,121.571936286000000,31.368680464299999
749,7,749,0,1,749,0,305374,8,434,121.578199000000000,31.363216999999999,121.582859713999990,31.368680464299999
750,1,750,0,1,750,0,305768,8,104,121.591023000000010,31.368501999999999,121.593783143000000,31.368680464299999
751,0,751,0,1,751,0,0,0,0,0.000000000000000,0.000000000000000,121.604706570999990,31.368680464299999
752,0,752,0,1,752,0,0,0,0,0.000000000000000,0.000000000000000,121.615630000000000,31.368680464299999
753,0,753,0,1,753,0,0,0,0,0.000000000000000,0.000000000000000,121.626553429000000,31.368680464299999
754,0,754,0,1,754,0,0,0,0,0.000000000000000,0.000000000000000,121.637476857000000,31.368680464299999
755,0,755,0,1,755,0,0,0,0,0.000000000000000,0.000000000000000,121.648400286000000,31.368680464299999
756,8,756,0,1,756,0,288861,8,1426,121.349110999999990,31.382093999999999,121.353467714000000,31.377676821400001
757,8,757,0,1,757,0,289371,8,1858,121.359014000000000,31.379280000000001,121.364391143000010,31.377676821400001
758,3,758,0,1,758,0,289929,8,759,121.369664000000000,31.373843999999998,121.375314571000000,31.377676821400001
759,7,759,0,1,759,0,290554,8,1659,121.380277000000010,31.372722000000000,121.386238000000010,31.377676821400001
760,6,760,0,1,760,0,291316,8,2275,121.390784999999990,31.374797999999998,121.397161428999990,31.377676821400001
761,7,761,0,1,761,0,292355,8,3135,121.402238000000000,31.373003000000001,121.408084857000010,31.377676821400001
762,10,762,0,1,762,0,293556,8,2181,121.416143000000010,31.372271999999999,121.419008285999990,31.377676821400001
763,22,763,0,1,763,0,294427,8,6980,121.425025000000010,31.372907000000001,121.429931714000010,31.377676821400001
764,14,764,0,1,764,0,295478,8,5731,121.435084000000000,31.380168999999999,121.440855142999990,31.377676821400001
765,15,765,0,1,765,0,296662,8,3997,121.446442000000000,31.381370000000000,121.451778571000010,31.377676821400001
766,13,766,0,1,766,0,297758,8,3812,121.456434000000000,31.381914999999999,121.462701999999990,31.377676821400001
767,6,767,0,1,767,0,298659,8,2006,121.467553000000000,31.372288999999999,121.473625428999990,31.377676821400001
768,24,768,0,1,768,0,299788,8,8683,121.479834999999990,31.378941000000001,121.484548856999990,31.377676821400001
769,36,769,0,1,769,0,300704,8,8863,121.489126000000000,31.375373000000000,121.495472285999990,31.377676821400001
770,9,770,0,1,770,0,301631,8,2914,121.500707000000010,31.377314999999999,121.506395714000010,31.377676821400001
771,12,771,0,1,771,0,302372,8,1400,121.511112000000000,31.377607000000001,121.517319142999990,31.377676821400001
772,9,772,0,1,772,0,303337,8,826,121.525567000000000,31.375651999999999,121.528242571000010,31.377676821400001
773,6,773,0,1,773,0,303881,8,391,121.535304000000000,31.373725000000000,121.539165999999990,31.377676821400001
774,3,774,0,1,774,0,312257,8,207,121.546120000000000,31.379968999999999,121.550089429000000,31.377676821400001
775,2,775,0,1,775,0,312325,8,157,121.555184000000000,31.377340000000000,121.561012856999990,31.377676821400001
776,2,776,0,1,776,0,305291,8,45,121.575534000000000,31.373380999999998,121.571936286000000,31.377676821400001
777,0,777,0,1,777,0,0,0,0,0.000000000000000,0.000000000000000,121.582859713999990,31.377676821400001
778,0,778,0,1,778,0,0,0,0,0.000000000000000,0.000000000000000,121.593783143000000,31.377676821400001
779,0,779,0,1,779,0,0,0,0,0.000000000000000,0.000000000000000,121.604706570999990,31.377676821400001
780,0,780,0,1,780,0,0,0,0,0.000000000000000,0.000000000000000,121.615630000000000,31.377676821400001
781,0,781,0,1,781,0,0,0,0,0.000000000000000,0.000000000000000,121.626553429000000,31.377676821400001
782,0,782,0,1,782,0,0,0,0,0.000000000000000,0.000000000000000,121.637476857000000,31.377676821400001
783,0,783,0,1,783,0,0,0,0,0.000000000000000,0.000000000000000,121.648400286000000,31.377676821400001