FID,Join_Count,TARGET_FID,Id,Join_Cou_1,TARGET_F_1,Id_1,Field1,hour,freq,longitude,altitude,long,lat
0,13,0,0,1,0,0,216034,6,5252,121.349208000000000,31.132218999999999,121.353467714000000,31.134775178600002
1,23,1,0,1,1,0,216490,6,8457,121.358041000000000,31.137540999999999,121.364391143000010,31.134775178600002
2,26,2,0,1,2,0,217059,6,8533,121.368956999999990,31.134926000000000,121.375314571000000,31.134775178600002
3,27,3,0,1,3,0,217693,6,8725,121.379848000000000,31.139644000000001,121.386238000000010,31.134775178600002
4,37,4,0,1,4,0,218518,6,12829,121.391234000000000,31.135549999999999,121.397161428999990,31.134775178600002
5,42,5,0,1,5,0,219537,6,15857,121.402511000000000,31.138152000000002,121.408084857000010,31.134775178600002
6,43,6,0,1,6,0,220401,6,18755,121.412739000000000,31.136922999999999,121.419008285999990,31.134775178600002
7,37,7,0,1,7,0,221429,6,14735,121.423554000000000,31.134657000000001,121.429931714000010,31.134775178600002
8,24,8,0,1,8,0,222586,6,10793,121.434698000000000,31.136410000000001,121.440855142999990,31.134775178600002
9,25,9,0,1,9,0,223708,6,6451,121.445446000000000,31.139651000000001,121.451778571000010,31.134775178600002
10,4,10,0,1,10,0,225617,6,2399,121.465279000000000,31.134563000000000,121.462701999999990,31.134775178600002
11,21,11,0,1,11,0,225889,6,4296,121.468919000000000,31.138406000000000,121.473625428999990,31.134775178600002
12,21,12,0,1,12,0,226833,6,4851,121.479003000000010,31.132885000000002,121.484548856999990,31.134775178600002
13,18,13,0,1,13,0,227843,6,5265,121.489402000000000,31.133378000000000,121.495472285999990,31.134775178600002
14,12,14,0,1,14,0,228852,6,3805,121.502054000000000,31.136531000000002,121.506395714000010,31.134775178600002
15,18,15,0,1,15,0,229579,6,6485,121.512562000000000,31.137810999999999,121.517319142999990,31.134775178600002
16,10,16,0,1,16,0,230279,6,3718,121.522551000000010,31.133606000000000,121.528242571000010,31.134775178600002
17,11,17,0,1,17,0,230858,6,3183,121.533123000000000,31.132600000000000,121.539165999999990,31.134775178600002
18,11,18,0,1,18,0,231479,6,2724,121.548143999999990,31.130938000000000,121.550089429000000,31.134775178600002
19,14,19,0,1,19,0,231790,6,2936,121.557351000000000,31.137219999999999,121.561012856999990,31.134775178600002
20,20,20,0,1,20,0,232087,6,2163,121.566678000000000,31.138030000000001,121.571936286000000,31.134775178600002
21,10,21,0,1,21,0,232437,6,1897,121.577169000000000,31.131931999999999,121.582859713999990,31.134775178600002
22,8,22,0,1,22,0,232817,6,2261,121.589063000000000,31.130773999999999,121.593783143000000,31.134775178600002
23,13,23,0,1,23,0,233084,6,2109,121.600334000000000,31.138536999999999,121.604706570999990,31.134775178600002
24,35,24,0,1,24,0,233282,6,8673,121.609202000000000,31.140145000000000,121.615630000000000,31.134775178600002
25,6,25,0,1,25,0,233613,6,1958,121.623847000000000,31.133714000000001,121.626553429000000,31.134775178600002
26,1,26,0,1,26,0,233911,6,401,121.640602000000000,31.138006000000001,121.637476857000000,31.134775178600002
27,2,27,0,1,27,0,234044,6,1238,121.648467999999990,31.134027000000000,121.648400286000000,31.134775178600002
28,35,28,0,1,28,0,216004,6,18457,121.348715000000000,31.146977000000000,121.353467714000000,31.143771535700001
29,27,29,0,1,29,0,216489,6,7957,121.358027000000010,31.143583000000000,121.364391143000010,31.143771535700001
30,20,30,0,1,30,0,217100,6,7655,121.369676000000000,31.147634000000000,121.375314571000000,31.143771535700001
31,33,31,0,1,31,0,217693,6,10093,121.379848000000000,31.139644000000001,121.386238000000010,31.143771535700001
32,38,32,0,1,32,0,218502,6,13141,121.391045000000010,31.142271999999998,121.397161428999990,31.143771535700001
33,65,33,0,1,33,0,219475,6,22763,121.401782000000000,31.144473000000001,121.408084857000010,31.143771535700001
34,65,34,0,1,34,0,220395,6,14272,121.412696000000000,31.141735000000001,121.419008285999990,31.143771535700001
35,46,35,0,1,35,0,221424,6,16652,121.423514999999990,31.143833000000001,121.429931714000010,31.143771535700001
36,43,36,0,1,36,0,222574,6,11419,121.434617000000000,31.144217000000001,121.440855142999990,31.143771535700001
37,24,37,0,1,37,0,223698,6,7414,121.445363000000000,31.144055000000002,121.451778571000010,31.143771535700001
38,12,38,0,1,38,0,224909,6,2521,121.456509999999990,31.145731999999999,121.462701999999990,31.143771535700001
39,13,39,0,1,39,0,225794,6,4123,121.467555000000000,31.147251000000001,121.473625428999990,31.143771535700001
40,31,40,0,1,40,0,226744,6,8814,121.478190000000000,31.149249999999999,121.484548856999990,31.143771535700001
41,28,41,0,1,41,0,227819,6,11084,121.489081000000000,31.147058999999999,121.495472285999990,31.143771535700001
42,16,42,0,1,42,0,228812,6,9979,121.501557000000010,31.144050000000000,121.506395714000010,31.143771535700001
43,26,43,0,1,43,0,229470,6,10079,121.510943999999990,31.143612000000001,121.517319142999990,31.143771535700001
44,24,44,0,1,44,0,230239,6,5248,121.521984000000000,31.141300000000001,121.528242571000010,31.143771535700001
45,12,45,0,1,45,0,230892,6,2733,121.533648000000000,31.141047000000000,121.539165999999990,31.143771535700001
46,18,46,0,1,46,0,231312,6,1897,121.543696000000000,31.148285000000001,121.550089429000000,31.143771535700001
47,20,47,0,1,47,0,231722,6,2028,121.555259000000010,31.148157000000001,121.561012856999990,31.143771535700001
48,12,48,0,1,48,0,232064,6,2268,121.565979000000000,31.146111000000001,121.571936286000000,31.143771535700001
49,9,49,0,1,49,0,232443,6,1253,121.577336000000000,31.148315000000000,121.582859713999990,31.143771535700001
50,6,50,0,1,50,0,232804,6,1580,121.588530000000010,31.144810000000000,121.593783143000000,31.143771535700001
51,19,51,0,1,51,0,233080,6,4921,121.600235000000000,31.142835000000002,121.604706570999990,31.143771535700001
52,32,52,0,1,52,0,233282,6,6835,121.609202000000000,31.140145000000000,121.615630000000000,31.143771535700001
53,10,53,0,1,53,0,233569,6,2035,121.621200000000000,31.149145999999998,121.626553429000000,31.143771535700001
54,3,54,0,1,54,0,233755,6,1071,121.631825000000010,31.142721000000002,121.637476857000000,31.143771535700001
55,2,55,0,1,55,0,234000,6,1101,121.645218000000000,31.146868000000001,121.648400286000000,31.143771535700001
56,29,56,0,1,56,0,215990,6,17613,121.348273000000010,31.152069000000001,121.353467714000000,31.152767892899998
57,32,57,0,1,57,0,216524,6,13384,121.358694000000000,31.151637000000001,121.364391143000010,31.152767892899998
58,30,58,0,1,58,0,217082,6,12618,121.369387000000000,31.158086000000001,121.375314571000000,31.152767892899998
59,24,59,0,1,59,0,217703,6,13879,121.380056999999990,31.154333000000001,121.386238000000010,31.152767892899998
60,36,60,0,1,60,0,218516,6,11611,121.391187000000000,31.150359999999999,121.397161428999990,31.152767892899998
61,75,61,0,1,61,0,219499,6,11930,121.402103999999990,31.148309999999999,121.408084857000010,31.152767892899998
62,84,62,0,1,62,0,220396,6,14317,121.412701000000000,31.157708000000000,121.419008285999990,31.152767892899998
63,88,63,0,1,63,0,221430,6,13544,121.423556000000000,31.157465999999999,121.429931714000010,31.152767892899998
64,40,64,0,1,64,0,222679,6,6431,121.435561000000010,31.157201000000001,121.440855142999990,31.152767892899998
65,27,65,0,1,65,0,223747,6,6720,121.445778000000000,31.158035999999999,121.451778571000010,31.152767892899998
66,3,66,0,1,66,0,225207,6,507,121.459995000000010,31.152466000000000,121.462701999999990,31.152767892899998
67,7,67,0,1,67,0,226029,6,2214,121.470460000000000,31.148012000000001,121.473625428999990,31.152767892899998
68,34,68,0,1,68,0,226744,6,8967,121.478190000000000,31.149249999999999,121.484548856999990,31.152767892899998
69,51,69,0,1,69,0,227866,6,14743,121.489666000000000,31.150342999999999,121.495472285999990,31.152767892899998
70,39,70,0,1,70,0,228719,6,11064,121.500414000000010,31.155334000000000,121.506395714000010,31.152767892899998
71,33,71,0,1,71,0,229513,6,9550,121.511527000000000,31.151987999999999,121.517319142999990,31.152767892899998
72,21,72,0,1,72,0,230232,6,8426,121.521829999999990,31.150735000000001,121.528242571000010,31.152767892899998
73,15,73,0,1,73,0,230851,6,2839,121.532955000000000,31.152296000000000,121.539165999999990,31.152767892899998
74,14,74,0,1,74,0,231312,6,787,121.543696000000000,31.148285000000001,121.550089429000000,31.152767892899998
75,23,75,0,1,75,0,231722,6,2938,121.555259000000010,31.148157000000001,121.561012856999990,31.152767892899998
76,22,76,0,1,76,0,232048,6,3045,121.565673000000000,31.152585999999999,121.571936286000000,31.152767892899998
77,24,77,0,1,77,0,232443,6,2863,121.577336000000000,31.148315000000000,121.582859713999990,31.152767892899998
78,8,78,0,1,78,0,232788,6,1320,121.587875000000000,31.156915000000001,121.593783143000000,31.152767892899998
79,9,79,0,1,79,0,233045,6,1479,121.598393000000000,31.151484000000000,121.604706570999990,31.152767892899998
80,14,80,0,1,80,0,233310,6,1011,121.610080000000000,31.154101000000001,121.615630000000000,31.152767892899998
81,10,81,0,1,81,0,233538,6,811,121.620131000000000,31.152297999999998,121.626553429000000,31.152767892899998
82,5,82,0,1,82,0,233778,6,402,121.633036000000000,31.156611000000002,121.637476857000000,31.152767892899998
83,3,83,0,1,83,0,233984,6,294,121.643882000000000,31.152282000000000,121.648400286000000,31.152767892899998
84,19,84,0,1,84,0,215993,6,10204,121.348378999999990,31.160370000000000,121.353467714000000,31.161764250000001
85,38,85,0,1,85,0,216520,6,14519,121.358644000000000,31.159061000000001,121.364391143000010,31.161764250000001
86,42,86,0,1,86,0,217082,6,16869,121.369387000000000,31.158086000000001,121.375314571000000,31.161764250000001
87,33,87,0,1,87,0,217716,6,10999,121.380253000000000,31.159161999999998,121.386238000000010,31.161764250000001
88,70,88,0,1,88,0,218483,6,15554,121.390817000000000,31.161733999999999,121.397161428999990,31.161764250000001
89,60,89,0,1,89,0,219460,6,11541,121.401628000000000,31.165709000000000,121.408084857000010,31.161764250000001
90,78,90,0,1,90,0,220396,6,14839,121.412701000000000,31.157708000000000,121.419008285999990,31.161764250000001
91,59,91,0,1,91,0,221430,6,12337,121.423556000000000,31.157465999999999,121.429931714000010,31.161764250000001
92,47,92,0,1,92,0,222580,6,8570,121.434651000000000,31.166509000000001,121.440855142999990,31.161764250000001
93,29,93,0,1,93,0,223747,6,6918,121.445778000000000,31.158035999999999,121.451778571000010,31.161764250000001
94,10,94,0,1,94,0,224897,6,424,121.456402999999990,31.165648999999998,121.462701999999990,31.161764250000001
95,17,95,0,1,95,0,225859,6,3288,121.468411000000000,31.159607999999999,121.473625428999990,31.161764250000001
96,22,96,0,1,96,0,226736,6,8085,121.478128000000000,31.162811999999999,121.484548856999990,31.161764250000001
97,54,97,0,1,97,0,227892,6,13933,121.490018000000010,31.163105999999999,121.495472285999990,31.161764250000001
98,31,98,0,1,98,0,228714,6,8087,121.500365000000000,31.161721000000000,121.506395714000010,31.161764250000001
99,31,99,0,1,99,0,229501,6,10683,121.511398000000000,31.163253000000001,121.517319142999990,31.161764250000001
100,31,100,0,1,100,0,230238,6,9426,121.521949000000010,31.158173000000001,121.528242571000010,31.161764250000001
101,8,101,0,1,101,0,230950,6,2443,121.534737000000010,31.159147999999998,121.539165999999990,31.161764250000001
102,16,102,0,1,102,0,231337,6,3027,121.544405000000000,31.163025999999999,121.550089429000000,31.161764250000001
103,34,103,0,1,103,0,231717,6,5280,121.555110000000000,31.164283999999999,121.561012856999990,31.161764250000001
104,30,104,0,1,104,0,232055,6,5013,121.565779000000010,31.159165000000002,121.571936286000000,31.161764250000001
105,10,105,0,1,105,0,232675,6,1102,121.584272000000000,31.164435000000001,121.582859713999990,31.161764250000001
106,1,106,0,1,106,0,232788,6,58,121.587875000000000,31.156915000000001,121.593783143000000,31.161764250000001
107,3,107,0,1,107,0,233148,6,333,121.603022999999990,31.163011999999998,121.604706570999990,31.161764250000001
108,6,108,0,1,108,0,233494,6,361,121.617628000000000,31.156676000000001,121.615630000000000,31.161764250000001
109,6,109,0,1,109,0,233549,6,672,121.620645999999990,31.156984999999999,121.626553429000000,31.161764250000001
110,6,110,0,1,110,0,233742,6,891,121.631018999999990,31.163829000000000,121.637476857000000,31.161764250000001
111,4,111,0,1,111,0,233970,6,669,121.643114999999990,31.165240000000001,121.648400286000000,31.161764250000001
112,32,112,0,1,112,0,216028,6,12782,121.349078000000010,31.171766000000002,121.353467714000000,31.170760607100000
113,31,113,0,1,113,0,216495,6,10906,121.358104000000000,31.172052999999998,121.364391143000010,31.170760607100000
114,41,114,0,1,114,0,217055,6,13442,121.368917000000000,31.171565999999999,121.375314571000000,31.170760607100000
115,63,115,0,1,115,0,217689,6,12143,121.379791000000000,31.168973000000001,121.386238000000010,31.170760607100000
116,93,116,0,1,116,0,218484,6,5355,121.390818999999990,31.170375000000000,121.397161428999990,31.170760607100000
117,70,117,0,1,117,0,219460,6,6277,121.401628000000000,31.165709000000000,121.408084857000010,31.170760607100000
118,83,118,0,1,118,0,220400,6,16095,121.412737000000010,31.176100999999999,121.419008285999990,31.170760607100000
119,75,119,0,1,119,0,221427,6,21944,121.423543000000000,31.170933999999999,121.429931714000010,31.170760607100000
120,48,120,0,1,120,0,222580,6,16083,121.434651000000000,31.166509000000001,121.440855142999990,31.170760607100000
121,28,121,0,1,121,0,223704,6,7533,121.445417000000010,31.174478000000001,121.451778571000010,31.170760607100000
122,11,122,0,1,122,0,224897,6,934,121.456402999999990,31.165648999999998,121.462701999999990,31.170760607100000
123,22,123,0,1,123,0,226194,6,7139,121.472312000000000,31.175369000000000,121.473625428999990,31.170760607100000
124,45,124,0,1,124,0,226828,6,14776,121.478960000000000,31.173791999999999,121.484548856999990,31.170760607100000
125,63,125,0,1,125,0,227829,6,19946,121.489217999999990,31.167529999999999,121.495472285999990,31.170760607100000
126,31,126,0,1,126,0,228742,6,9244,121.500687000000000,31.166948000000001,121.506395714000010,31.170760607100000
127,25,127,0,1,127,0,229626,6,8381,121.513231000000000,31.174979000000000,121.517319142999990,31.170760607100000
128,26,128,0,1,128,0,230233,6,8000,121.521837000000000,31.169530999999999,121.528242571000010,31.170760607100000
129,24,129,0,1,129,0,230853,6,4915,121.533043000000010,31.175886999999999,121.539165999999990,31.170760607100000
130,9,130,0,1,130,0,231469,6,1745,121.547961000000000,31.172809000000001,121.550089429000000,31.170760607100000
131,25,131,0,1,131,0,231755,6,2283,121.556144000000000,31.172219999999999,121.561012856999990,31.170760607100000
132,16,132,0,1,132,0,232089,6,1530,121.566710000000000,31.166601000000000,121.571936286000000,31.170760607100000
133,11,133,0,1,133,0,232434,6,768,121.577077000000000,31.168126999999998,121.582859713999990,31.170760607100000
134,4,134,0,1,134,0,232836,6,993,121.589778999999990,31.173798999999999,121.593783143000000,31.170760607100000
135,5,135,0,1,135,0,233072,6,420,121.599932000000000,31.171188000000001,121.604706570999990,31.170760607100000
136,1,136,0,1,136,0,233512,6,50,121.618917999999990,31.165351999999999,121.615630000000000,31.170760607100000
137,7,137,0,1,137,0,233602,6,1383,121.623341999999990,31.167265000000000,121.626553429000000,31.170760607100000
138,7,138,0,1,138,0,233775,6,1141,121.632864000000000,31.175221000000001,121.637476857000000,31.170760607100000
139,5,139,0,1,139,0,233947,6,635,121.642285000000000,31.168938000000001,121.648400286000000,31.170760607100000
140,33,140,0,1,140,0,216023,6,21688,121.349024000000000,31.179244000000001,121.353467714000000,31.179756964300001
141,52,141,0,1,141,0,216492,6,19523,121.358078000000010,31.178488999999999,121.364391143000010,31.179756964300001
142,57,142,0,1,142,0,217072,6,7768,121.369240000000000,31.182715000000002,121.375314571000000,31.179756964300001
143,59,143,0,1,143,0,217688,6,13019,121.379779000000000,31.183897999999999,121.386238000000010,31.179756964300001
144,48,144,0,1,144,0,218479,6,8042,121.390765000000000,31.182872000000000,121.397161428999990,31.179756964300001
145,59,145,0,1,145,0,219468,6,7938,121.401734000000000,31.175020000000000,121.408084857000010,31.179756964300001
146,56,146,0,1,146,0,220400,6,15251,121.412737000000010,31.176100999999999,121.419008285999990,31.179756964300001
147,66,147,0,1,147,0,221480,6,10975,121.424046000000000,31.185158999999999,121.429931714000010,31.179756964300001
148,82,148,0,1,148,0,222595,6,16807,121.434740000000010,31.184846000000000,121.440855142999990,31.179756964300001
149,28,149,0,1,149,0,223704,6,7091,121.445417000000010,31.174478000000001,121.451778571000010,31.179756964300001
150,9,150,0,1,150,0,225304,6,860,121.461292000000000,31.180395000000001,121.462701999999990,31.179756964300001
151,20,151,0,1,151,0,225930,6,3528,121.469370000000000,31.183354000000001,121.473625428999990,31.179756964300001
152,54,152,0,1,152,0,226852,6,10257,121.479149000000010,31.175194000000001,121.484548856999990,31.179756964300001
153,68,153,0,1,153,0,227836,6,16293,121.489278000000000,31.184542000000000,121.495472285999990,31.179756964300001
154,42,154,0,1,154,0,228705,6,19053,121.500283999999990,31.177050000000001,121.506395714000010,31.179756964300001
155,35,155,0,1,155,0,229483,6,14087,121.511134000000000,31.185160000000000,121.517319142999990,31.179756964300001
156,25,156,0,1,156,0,230361,6,4656,121.524398000000010,31.178238000000000,121.528242571000010,31.179756964300001
157,17,157,0,1,157,0,230853,6,4709,121.533043000000010,31.175886999999999,121.539165999999990,31.179756964300001
158,24,158,0,1,158,0,231321,6,5422,121.544122000000000,31.178205999999999,121.550089429000000,31.179756964300001
159,24,159,0,1,159,0,231728,6,3562,121.555327000000010,31.183532000000000,121.561012856999990,31.179756964300001
160,17,160,0,1,160,0,232072,6,738,121.566246000000010,31.183326999999998,121.571936286000000,31.179756964300001
161,13,161,0,1,161,0,232453,6,468,121.577499000000000,31.184616999999999,121.582859713999990,31.179756964300001
162,7,162,0,1,162,0,232795,6,797,121.588091000000010,31.181839000000000,121.593783143000000,31.179756964300001
163,7,163,0,1,163,0,233046,6,781,121.598434999999990,31.180586000000002,121.604706570999990,31.179756964300001
164,16,164,0,1,164,0,233290,6,1703,121.609605000000000,31.180091000000001,121.615630000000000,31.179756964300001
165,14,165,0,1,165,0,233539,6,4073,121.620171000000000,31.185143000000000,121.626553429000000,31.179756964300001
166,10,166,0,1,166,0,233761,6,1990,121.632244000000000,31.179642999999999,121.637476857000000,31.179756964300001
167,4,167,0,1,167,0,233955,6,641,121.642657000000000,31.181155000000000,121.648400286000000,31.179756964300001
168,23,168,0,1,168,0,216035,6,4995,121.349208000000000,31.193484000000002,121.353467714000000,31.188753321400000
169,62,169,0,1,169,0,216538,6,12521,121.359007000000010,31.188908000000001,121.364391143000010,31.188753321400000
170,69,170,0,1,170,0,217057,6,12018,121.368928999999990,31.191517000000001,121.375314571000000,31.188753321400000
171,61,171,0,1,171,0,217688,6,8883,121.379779000000000,31.183897999999999,121.386238000000010,31.188753321400000
172,54,172,0,1,172,0,218480,6,11739,121.390784000000000,31.186108999999998,121.397161428999990,31.188753321400000
173,47,173,0,1,173,0,219483,6,13524,121.401957999999990,31.191034999999999,121.408084857000010,31.188753321400000
174,80,174,0,1,174,0,220463,6,14272,121.413332000000000,31.192291999999998,121.419008285999990,31.188753321400000
175,137,175,0,1,175,0,221445,6,17354,121.423723000000000,31.187982999999999,121.429931714000010,31.188753321400000
176,124,176,0,1,176,0,222587,6,19566,121.434698999999990,31.185927000000000,121.440855142999990,31.188753321400000
177,66,177,0,1,177,0,223729,6,15133,121.445652000000000,31.191979000000000,121.451778571000010,31.188753321400000
178,20,178,0,1,178,0,225066,6,1666,121.458286000000000,31.192229000000001,121.462701999999990,31.188753321400000
179,27,179,0,1,179,0,225834,6,2453,121.468153000000000,31.193677999999998,121.473625428999990,31.188753321400000
180,42,180,0,1,180,0,226836,6,881,121.479043000000000,31.186074000000001,121.484548856999990,31.188753321400000
181,50,181,0,1,181,0,227836,6,4777,121.489278000000000,31.184542000000000,121.495472285999990,31.188753321400000
182,53,182,0,1,182,0,228741,6,14717,121.500681000000000,31.186288000000001,121.506395714000010,31.188753321400000
183,31,183,0,1,183,0,229476,6,10080,121.511062000000000,31.193867999999998,121.517319142999990,31.188753321400000
184,38,184,0,1,184,0,230237,6,7520,121.521941000000000,31.189648999999999,121.528242571000010,31.188753321400000
185,17,185,0,1,185,0,230895,6,3539,121.533800000000000,31.191212000000000,121.539165999999990,31.188753321400000
186,35,186,0,1,186,0,231322,6,8096,121.544123000000000,31.185887000000001,121.550089429000000,31.188753321400000
187,27,187,0,1,187,0,231716,6,4183,121.555006000000010,31.189807999999999,121.561012856999990,31.188753321400000
188,23,188,0,1,188,0,232069,6,2300,121.566180000000000,31.187892999999999,121.571936286000000,31.188753321400000
189,28,189,0,1,189,0,232440,6,1340,121.577297000000000,31.186837000000001,121.582859713999990,31.188753321400000
190,29,190,0,1,190,0,232806,6,1938,121.588583000000000,31.186572999999999,121.593783143000000,31.188753321400000
191,16,191,0,1,191,0,233051,6,430,121.598926000000010,31.193358000000000,121.604706570999990,31.188753321400000
192,10,192,0,1,192,0,233539,6,574,121.620171000000000,31.185143000000000,121.615630000000000,31.188753321400000
193,17,193,0,1,193,0,233539,6,3309,121.620171000000000,31.185143000000000,121.626553429000000,31.188753321400000
194,13,194,0,1,194,0,233749,6,2137,121.631345000000000,31.189311000000000,121.637476857000000,31.188753321400000
195,10,195,0,1,195,0,233944,6,1347,121.642148000000010,31.188783000000001,121.648400286000000,31.188753321400000
196,18,196,0,1,196,0,216035,6,2353,121.349208000000000,31.193484000000002,121.353467714000000,31.197749678600001
197,32,197,0,1,197,0,216497,6,5746,121.358149999999990,31.199781999999999,121.364391143000010,31.197749678600001
198,45,198,0,1,198,0,217091,6,4802,121.369601000000000,31.201630999999999,121.375314571000000,31.197749678600001
199,82,199,0,1,199,0,217695,6,11100,121.379870999999990,31.193197000000001,121.386238000000010,31.197749678600001
200,77,200,0,1,200,0,218493,6,10061,121.390921000000010,31.200047000000001,121.397161428999990,31.197749678600001
201,71,201,0,1,201,0,219463,6,13118,121.401668000000000,31.196687000000001,121.408084857000010,31.197749678600001
202,93,202,0,1,202,0,220418,6,18604,121.412935000000000,31.197320000000001,121.419008285999990,31.197749678600001
203,142,203,0,1,203,0,221442,6,19087,121.423697000000000,31.196517000000000,121.429931714000010,31.197749678600001
204,138,204,0,1,204,0,222562,6,17001,121.434495000000000,31.195715000000000,121.440855142999990,31.197749678600001
205,116,205,0,1,205,0,223730,6,24789,121.445656000000000,31.200569999999999,121.451778571000010,31.197749678600001
206,67,206,0,1,206,0,224987,6,22200,121.457210000000000,31.202856000000001,121.462701999999990,31.197749678600001
207,70,207,0,1,207,0,225786,6,16024,121.467474000000000,31.201737000000001,121.473625428999990,31.197749678600001
208,45,208,0,1,208,0,226732,6,6106,121.478111000000000,31.200271999999998,121.484548856999990,31.197749678600001
209,30,209,0,1,209,0,227856,6,1804,121.489502000000000,31.201442000000000,121.495472285999990,31.197749678600001
210,75,210,0,1,210,0,228706,6,15723,121.500291000000000,31.194331999999999,121.506395714000010,31.197749678600001
211,53,211,0,1,211,0,229474,6,13758,121.510997000000000,31.196766000000000,121.517319142999990,31.197749678600001
212,33,212,0,1,212,0,230252,6,6018,121.522130000000000,31.192727999999999,121.528242571000010,31.197749678600001
213,15,213,0,1,213,0,230898,6,2830,121.533884000000000,31.199801000000001,121.539165999999990,31.197749678600001
214,35,214,0,1,214,0,231316,6,5917,121.544009000000000,31.202544000000000,121.550089429000000,31.197749678600001
215,25,215,0,1,215,0,231714,6,4290,121.554941000000000,31.198157999999999,121.561012856999990,31.197749678600001
216,21,216,0,1,216,0,232099,6,3430,121.566964000000000,31.203036000000001,121.571936286000000,31.197749678600001
217,37,217,0,1,217,0,232420,6,3013,121.576770999999990,31.199926000000001,121.582859713999990,31.197749678600001
218,28,218,0,1,218,0,232816,6,2510,121.588946000000010,31.198502999999999,121.593783143000000,31.197749678600001
219,38,219,0,1,219,0,233047,6,1639,121.598564000000000,31.195551999999999,121.604706570999990,31.197749678600001
220,23,220,0,1,220,0,233296,6,1978,121.609723000000000,31.198816999999998,121.615630000000000,31.197749678600001
221,25,221,0,1,221,0,233546,6,4948,121.620532999999990,31.198909000000000,121.626553429000000,31.197749678600001
222,11,222,0,1,222,0,233748,6,2760,121.631339999999990,31.201028999999998,121.637476857000000,31.197749678600001
223,6,223,0,1,223,0,234014,6,975,121.645889999999990,31.202999999999999,121.648400286000000,31.197749678600001
224,25,224,0,1,224,0,216104,6,6916,121.350652999999990,31.207854999999999,121.353467714000000,31.206746035700000
225,50,225,0,1,225,0,216491,6,10665,121.358058000000000,31.207740999999999,121.364391143000010,31.206746035700000
226,48,226,0,1,226,0,217069,6,9118,121.369170000000000,31.211224000000001,121.375314571000000,31.206746035700000
227,58,227,0,1,227,0,217699,6,18005,121.379983000000000,31.206927000000000,121.386238000000010,31.206746035700000
228,133,228,0,1,228,0,218477,6,21513,121.390744000000000,31.206222000000000,121.397161428999990,31.206746035700000
229,91,229,0,1,229,0,219458,6,19135,121.401625999999990,31.205023000000001,121.408084857000010,31.206746035700000
230,95,230,0,1,230,0,220430,6,21559,121.413049000000000,31.208604999999999,121.419008285999990,31.206746035700000
231,88,231,0,1,231,0,221421,6,16898,121.423480000000000,31.205119000000000,121.429931714000010,31.206746035700000
232,78,232,0,1,232,0,222565,6,9838,121.434549000000000,31.209159000000000,121.440855142999990,31.206746035700000
233,107,233,0,1,233,0,223710,6,17490,121.445463000000000,31.206471000000001,121.451778571000010,31.206746035700000
234,127,234,0,1,234,0,224885,6,23396,121.456297000000010,31.209978000000000,121.462701999999990,31.206746035700000
235,110,235,0,1,235,0,225770,6,28839,121.467257000000000,31.203672000000001,121.473625428999990,31.206746035700000
236,111,236,0,1,236,0,226733,6,27028,121.478117000000000,31.203102999999999,121.484548856999990,31.206746035700000
237,44,237,0,1,237,0,227817,6,10397,121.489047000000000,31.208886000000000,121.495472285999990,31.206746035700000
238,35,238,0,1,238,0,228692,6,8986,121.500035999999990,31.209523999999998,121.506395714000010,31.206746035700000
239,75,239,0,1,239,0,229469,6,8571,121.510896000000000,31.205324000000001,121.517319142999990,31.206746035700000
240,47,240,0,1,240,0,230261,6,5021,121.522315000000010,31.209102000000001,121.528242571000010,31.206746035700000
241,40,241,0,1,241,0,230839,6,5811,121.532735000000000,31.210540000000002,121.539165999999990,31.206746035700000
242,57,242,0,1,242,0,231316,6,6329,121.544009000000000,31.202544000000000,121.550089429000000,31.206746035700000
243,42,243,0,1,243,0,231712,6,3680,121.554838000000000,31.209752999999999,121.561012856999990,31.206746035700000
244,18,244,0,1,244,0,232060,6,1923,121.565911000000000,31.212145000000000,121.571936286000000,31.206746035700000
245,48,245,0,1,245,0,232432,6,2191,121.577042000000010,31.210273000000001,121.582859713999990,31.206746035700000
246,29,246,0,1,246,0,232809,6,1860,121.588679000000000,31.205355999999998,121.593783143000000,31.206746035700000
247,39,247,0,1,247,0,233049,6,3260,121.598782000000000,31.205752000000000,121.604706570999990,31.206746035700000
248,34,248,0,1,248,0,233292,6,5517,121.609624999999990,31.208476999999998,121.615630000000000,31.206746035700000
249,34,249,0,1,249,0,233540,6,3716,121.620180000000000,31.208158999999998,121.626553429000000,31.206746035700000
250,20,250,0,1,250,0,233767,6,2283,121.632575000000000,31.204446000000001,121.637476857000000,31.206746035700000
251,12,251,0,1,251,0,234011,6,1817,121.645762000000000,31.211134999999999,121.648400286000000,31.206746035700000
252,44,252,0,1,252,0,215999,6,13063,121.348470000000010,31.217559000000001,121.353467714000000,31.215742392900001
253,56,253,0,1,253,0,216493,6,18963,121.358082000000000,31.211496000000000,121.364391143000010,31.215742392900001
254,66,254,0,1,254,0,217065,6,14939,121.369113000000000,31.217341000000001,121.375314571000000,31.215742392900001
255,78,255,0,1,255,0,217700,6,19380,121.380005000000000,31.213943000000000,121.386238000000010,31.215742392900001
256,92,256,0,1,256,0,218512,6,21773,121.391152000000010,31.214601999999999,121.397161428999990,31.215742392900001
257,76,257,0,1,257,0,219480,6,19907,121.401934000000000,31.212864000000000,121.408084857000010,31.215742392900001
258,109,258,0,1,258,0,220403,6,20446,121.412796000000000,31.220804000000001,121.419008285999990,31.215742392900001
259,101,259,0,1,259,0,221455,6,15776,121.423830000000000,31.213730000000002,121.429931714000010,31.215742392900001
260,97,260,0,1,260,0,222564,6,13547,121.434535000000000,31.216882999999999,121.440855142999990,31.215742392900001
261,115,261,0,1,261,0,223741,6,15699,121.445739000000000,31.215809000000000,121.451778571000010,31.215742392900001
262,108,262,0,1,262,0,224887,6,18457,121.456304000000000,31.213581000000001,121.462701999999990,31.215742392900001
263,114,263,0,1,263,0,225763,6,28607,121.467183000000010,31.217381000000000,121.473625428999990,31.215742392900001
264,109,264,0,1,264,0,226729,6,30142,121.478094000000000,31.213229999999999,121.484548856999990,31.215742392900001
265,75,265,0,1,265,0,227815,6,18682,121.489023000000000,31.216363000000001,121.495472285999990,31.215742392900001
266,48,266,0,1,266,0,228697,6,5714,121.500185000000000,31.210744999999999,121.506395714000010,31.215742392900001
267,70,267,0,1,267,0,229473,6,10006,121.510970000000000,31.211960000000001,121.517319142999990,31.215742392900001
268,71,268,0,1,268,0,230249,6,5122,121.522098000000000,31.214794999999999,121.528242571000010,31.215742392900001
269,29,269,0,1,269,0,230839,6,2702,121.532735000000000,31.210540000000002,121.539165999999990,31.215742392900001
270,30,270,0,1,270,0,231340,6,2049,121.544455000000000,31.214836999999999,121.550089429000000,31.215742392900001
271,50,271,0,1,271,0,231758,6,837,121.556252000000000,31.221204000000000,121.561012856999990,31.215742392900001
272,19,272,0,1,272,0,232060,6,1033,121.565911000000000,31.212145000000000,121.571936286000000,31.215742392900001
273,16,273,0,1,273,0,232432,6,1123,121.577042000000010,31.210273000000001,121.582859713999990,31.215742392900001
274,25,274,0,1,274,0,232812,6,1807,121.588891000000000,31.210809000000001,121.593783143000000,31.215742392900001
275,24,275,0,1,275,0,233064,6,1853,121.599504999999990,31.214644000000000,121.604706570999990,31.215742392900001
276,26,276,0,1,276,0,233293,6,3377,121.609639000000000,31.217089999999999,121.615630000000000,31.215742392900001
277,30,277,0,1,277,0,233557,6,1919,121.620801000000000,31.215046999999998,121.626553429000000,31.215742392900001
278,13,278,0,1,278,0,233747,6,1909,121.631246000000000,31.220466999999999,121.637476857000000,31.215742392900001
279,11,279,0,1,279,0,233963,6,1346,121.642976000000000,31.215613000000001,121.648400286000000,31.215742392900001
280,44,280,0,1,280,0,215991,6,8243,121.348311000000000,31.226371000000000,121.353467714000000,31.224738750000000
281,28,281,0,1,281,0,216502,6,10360,121.358267000000000,31.220067000000000,121.364391143000010,31.224738750000000
282,31,282,0,1,282,0,217107,6,7576,121.369851000000000,31.224100000000000,121.375314571000000,31.224738750000000
283,34,283,0,1,283,0,217830,6,4477,121.381927000000000,31.223773000000001,121.386238000000010,31.224738750000000
284,36,284,0,1,284,0,218522,6,7157,121.391281000000010,31.224319999999999,121.397161428999990,31.224738750000000
285,55,285,0,1,285,0,219481,6,15211,121.401950000000000,31.227727000000002,121.408084857000010,31.224738750000000
286,87,286,0,1,286,0,220403,6,19916,121.412796000000000,31.220804000000001,121.419008285999990,31.224738750000000
287,77,287,0,1,287,0,221433,6,18945,121.423593999999990,31.227868999999998,121.429931714000010,31.224738750000000
288,146,288,0,1,288,0,222570,6,18294,121.434566000000000,31.220635999999999,121.440855142999990,31.224738750000000
289,118,289,0,1,289,0,223695,6,17890,121.445322000000000,31.228859000000000,121.451778571000010,31.224738750000000
290,116,290,0,1,290,0,224901,6,20228,121.456436000000000,31.219441000000000,121.462701999999990,31.224738750000000
291,172,291,0,1,291,0,225776,6,28203,121.467308000000000,31.223043000000001,121.473625428999990,31.224738750000000
292,98,292,0,1,292,0,226743,6,26900,121.478174000000000,31.228324000000001,121.484548856999990,31.224738750000000
293,90,293,0,1,293,0,227830,6,19704,121.489220000000000,31.221000000000000,121.495472285999990,31.224738750000000
294,63,294,0,1,294,0,228690,6,5893,121.500029000000000,31.225518999999998,121.506395714000010,31.224738750000000
295,91,295,0,1,295,0,229468,6,10984,121.510893000000000,31.229082999999999,121.517319142999990,31.224738750000000
296,100,296,0,1,296,0,230243,6,5627,121.522009000000000,31.221805000000000,121.528242571000010,31.224738750000000
297,52,297,0,1,297,0,230862,6,3029,121.533198000000000,31.224381000000001,121.539165999999990,31.224738750000000
298,52,298,0,1,298,0,231325,6,3077,121.544214000000000,31.227103000000000,121.550089429000000,31.224738750000000
299,25,299,0,1,299,0,231710,6,3272,121.554789000000000,31.227340000000002,121.561012856999990,31.224738750000000
300,9,300,0,1,300,0,232076,6,1068,121.566402999999990,31.224817000000002,121.571936286000000,31.224738750000000
301,7,301,0,1,301,0,239554,6,187,121.580057000000000,31.222754999999999,121.582859713999990,31.224738750000000
302,9,302,0,1,302,0,233002,6,306,121.596127999999990,31.224978000000000,121.593783143000000,31.224738750000000
303,12,303,0,1,303,0,233117,6,1753,121.601731000000000,31.221131000000000,121.604706570999990,31.224738750000000
304,14,304,0,1,304,0,233295,6,1357,121.609705000000010,31.222415000000002,121.615630000000000,31.224738750000000
305,19,305,0,1,305,0,233574,6,959,121.621388999999990,31.224760000000000,121.626553429000000,31.224738750000000
306,11,306,0,1,306,0,233747,6,1031,121.631246000000000,31.220466999999999,121.637476857000000,31.224738750000000
307,9,307,0,1,307,0,233997,6,1012,121.644848000000000,31.228842000000000,121.648400286000000,31.224738750000000
308,28,308,0,1,308,0,215997,6,6160,121.348440999999990,31.232915999999999,121.353467714000000,31.233735107099999
309,17,309,0,1,309,0,216525,6,5197,121.358705000000000,31.229151999999999,121.364391143000010,31.233735107099999
310,43,310,0,1,310,0,217071,6,12830,121.369221999999990,31.233180000000001,121.375314571000000,31.233735107099999
311,49,311,0,1,311,0,217729,6,14569,121.380444999999990,31.235643000000000,121.386238000000010,31.233735107099999
312,47,312,0,1,312,0,218517,6,26580,121.391227000000000,31.234247000000000,121.397161428999990,31.233735107099999
313,73,313,0,1,313,0,219466,6,17907,121.401720000000000,31.237939000000001,121.408084857000010,31.233735107099999
314,89,314,0,1,314,0,220399,6,20135,121.412722000000000,31.237711999999998,121.419008285999990,31.233735107099999
315,98,315,0,1,315,0,221428,6,21431,121.423544000000010,31.230616999999999,121.429931714000010,31.233735107099999
316,107,316,0,1,316,0,222567,6,21905,121.434551000000000,31.236017000000000,121.440855142999990,31.233735107099999
317,136,317,0,1,317,0,223695,6,21794,121.445322000000000,31.228859000000000,121.451778571000010,31.233735107099999
318,146,318,0,1,318,0,224880,6,25821,121.456249000000000,31.237964999999999,121.462701999999990,31.233735107099999
319,249,319,0,1,319,0,225764,6,27390,121.467206000000000,31.236516000000002,121.473625428999990,31.233735107099999
320,168,320,0,1,320,0,226739,6,24572,121.478147000000010,31.237839999999998,121.484548856999990,31.233735107099999
321,92,321,0,1,321,0,227825,6,7173,121.489192000000000,31.231510000000000,121.495472285999990,31.233735107099999
322,101,322,0,1,322,0,228695,6,7542,121.500182000000000,31.236872999999999,121.506395714000010,31.233735107099999
323,126,323,0,1,323,0,229466,6,10506,121.510875000000000,31.235085999999999,121.517319142999990,31.233735107099999
324,53,324,0,1,324,0,230235,6,7272,121.521855000000000,31.231349999999999,121.528242571000010,31.233735107099999
325,41,325,0,1,325,0,230841,6,7289,121.532743999999990,31.239196000000000,121.539165999999990,31.233735107099999
326,30,326,0,1,326,0,231333,6,3673,121.544360000000000,31.228835000000000,121.550089429000000,31.233735107099999
327,27,327,0,1,327,0,231723,6,4698,121.555268000000000,31.232043000000001,121.561012856999990,31.233735107099999
328,12,328,0,1,328,0,232085,6,1663,121.566632000000000,31.231334000000000,121.571936286000000,31.233735107099999
329,8,329,0,1,329,0,232469,6,1055,121.578115999999990,31.236052999999998,121.582859713999990,31.233735107099999
330,8,330,0,1,330,0,232905,6,1360,121.592342000000000,31.237304999999999,121.593783143000000,31.233735107099999
331,10,331,0,1,331,0,233048,6,1810,121.598771000000000,31.237908999999998,121.604706570999990,31.233735107099999
332,2,332,0,1,332,0,233570,6,374,121.621204000000010,31.233537999999999,121.615630000000000,31.233735107099999
333,5,333,0,1,333,0,233570,6,421,121.621204000000010,31.233537999999999,121.626553429000000,31.233735107099999
334,7,334,0,1,334,0,233791,6,1399,121.633433000000000,31.228888999999999,121.637476857000000,31.233735107099999
335,9,335,0,1,335,0,233952,6,928,121.642469000000010,31.230409999999999,121.648400286000000,31.233735107099999
336,21,336,0,1,336,0,216039,6,11557,121.349335999999990,31.245374999999999,121.353467714000000,31.242731464300000
337,18,337,0,1,337,0,216485,6,7333,121.357958999999990,31.242953000000000,121.364391143000010,31.242731464300000
338,20,338,0,1,338,0,217078,6,5381,121.369328000000000,31.239272000000000,121.375314571000000,31.242731464300000
339,27,339,0,1,339,0,217823,6,11355,121.381792000000000,31.245193000000000,121.386238000000010,31.242731464300000
340,65,340,0,1,340,0,218559,6,34425,121.391668000000000,31.244596999999999,121.397161428999990,31.242731464300000
341,83,341,0,1,341,0,219466,6,29354,121.401720000000000,31.237939000000001,121.408084857000010,31.242731464300000
342,72,342,0,1,342,0,220399,6,30510,121.412722000000000,31.237711999999998,121.419008285999990,31.242731464300000
343,91,343,0,1,343,0,221486,6,22770,121.424090000000010,31.243324000000001,121.429931714000010,31.242731464300000
344,109,344,0,1,344,0,222559,6,26435,121.434441000000010,31.242452000000000,121.440855142999990,31.242731464300000
345,113,345,0,1,345,0,223724,6,21520,121.445595999999990,31.241472000000002,121.451778571000010,31.242731464300000
346,107,346,0,1,346,0,224880,6,30786,121.456249000000000,31.237964999999999,121.462701999999990,31.242731464300000
347,130,347,0,1,347,0,225765,6,31951,121.467207000000000,31.244263000000000,121.473625428999990,31.242731464300000
348,136,348,0,1,348,0,226730,6,14368,121.478102000000010,31.245225999999999,121.484548856999990,31.242731464300000
349,82,349,0,1,349,0,227875,6,2391,121.489790000000000,31.246691999999999,121.495472285999990,31.242731464300000
350,76,350,0,1,350,0,228703,6,3364,121.500251000000010,31.241917999999998,121.506395714000010,31.242731464300000
351,67,351,0,1,351,0,229491,6,9600,121.511210000000010,31.241125000000000,121.517319142999990,31.242731464300000
352,42,352,0,1,352,0,230293,6,3535,121.522831000000000,31.238659999999999,121.528242571000010,31.242731464300000
353,40,353,0,1,353,0,230841,6,6502,121.532743999999990,31.239196000000000,121.539165999999990,31.242731464300000
354,37,354,0,1,354,0,231323,6,6903,121.544132000000000,31.241316000000001,121.550089429000000,31.242731464300000
355,33,355,0,1,355,0,231720,6,6568,121.555201999999990,31.243189999999998,121.561012856999990,31.242731464300000
356,24,356,0,1,356,0,232065,6,5498,121.566140000000000,31.241675999999998,121.571936286000000,31.242731464300000
357,29,357,0,1,357,0,232446,6,3077,121.577400000000000,31.247053000000001,121.582859713999990,31.242731464300000
358,29,358,0,1,358,0,232800,6,1849,121.588308000000000,31.240521000000001,121.593783143000000,31.242731464300000
359,19,359,0,1,359,0,233048,6,610,121.598771000000000,31.237908999999998,121.604706570999990,31.242731464300000
360,11,360,0,1,360,0,233302,6,854,121.609844000000000,31.240507999999998,121.615630000000000,31.242731464300000
361,11,361,0,1,361,0,233551,6,1278,121.620693000000000,31.242625000000000,121.626553429000000,31.242731464300000
362,8,362,0,1,362,0,233745,6,2049,121.631165000000000,31.242232000000001,121.637476857000000,31.242731464300000
363,2,363,0,1,363,0,234123,6,376,121.653025000000000,31.241182999999999,121.648400286000000,31.242731464300000
364,39,364,0,1,364,0,216033,6,13161,121.349186000000000,31.253259000000000,121.353467714000000,31.251727821399999
365,37,365,0,1,365,0,216522,6,13181,121.358658000000010,31.255911000000001,121.364391143000010,31.251727821399999
366,53,366,0,1,366,0,217075,6,21329,121.369313000000010,31.251863000000000,121.375314571000000,31.251727821399999
367,44,367,0,1,367,0,217694,6,18287,121.379859999999990,31.248258000000000,121.386238000000010,31.251727821399999
368,65,368,0,1,368,0,218498,6,29787,121.390992999999990,31.253900000000002,121.397161428999990,31.251727821399999
369,50,369,0,1,369,0,219462,6,28844,121.401661000000000,31.252105000000000,121.408084857000010,31.251727821399999
370,47,370,0,1,370,0,220482,6,19758,121.413566000000000,31.255962000000000,121.419008285999990,31.251727821399999
371,79,371,0,1,371,0,221475,6,20858,121.423992000000000,31.253615000000000,121.429931714000010,31.251727821399999
372,69,372,0,1,372,0,222581,6,24635,121.434653999999990,31.251030000000000,121.440855142999990,31.251727821399999
373,159,373,0,1,373,0,223706,6,23919,121.445424000000000,31.255163000000000,121.451778571000010,31.251727821399999
374,86,374,0,1,374,0,224892,6,29805,121.456356000000000,31.254391999999999,121.462701999999990,31.251727821399999
375,102,375,0,1,375,0,225766,6,35001,121.467221000000000,31.248394000000001,121.473625428999990,31.251727821399999
376,120,376,0,1,376,0,226742,6,24238,121.478163000000000,31.248256999999999,121.484548856999990,31.251727821399999
377,66,377,0,1,377,0,227816,6,14047,121.489029000000000,31.252956999999999,121.495472285999990,31.251727821399999
378,45,378,0,1,378,0,228689,6,10064,121.500024999999990,31.253630000000001,121.506395714000010,31.251727821399999
379,25,379,0,1,379,0,229478,6,8239,121.511099000000000,31.253563000000000,121.517319142999990,31.251727821399999
380,14,380,0,1,380,0,230298,6,4314,121.522929000000000,31.256861000000001,121.528242571000010,31.251727821399999
381,15,381,0,1,381,0,231123,6,2439,121.538580000000000,31.249099999999999,121.539165999999990,31.251727821399999
382,43,382,0,1,382,0,231315,6,7098,121.543970000000000,31.249957999999999,121.550089429000000,31.251727821399999
383,50,383,0,1,383,0,231709,6,6963,121.554779999999990,31.251888000000001,121.561012856999990,31.251727821399999
384,35,384,0,1,384,0,232041,6,7900,121.565484000000000,31.250111000000000,121.571936286000000,31.251727821399999
385,36,385,0,1,385,0,232430,6,8419,121.577009000000000,31.256733000000001,121.582859713999990,31.251727821399999
386,37,386,0,1,386,0,232782,6,1807,121.587532999999990,31.256239000000001,121.593783143000000,31.251727821399999
387,35,387,0,1,387,0,233056,6,1305,121.599269000000010,31.246531999999998,121.604706570999990,31.251727821399999
388,20,388,0,1,388,0,233286,6,569,121.609343000000000,31.251926000000001,121.615630000000000,31.251727821399999
389,11,389,0,1,389,0,233563,6,316,121.621041000000010,31.254405999999999,121.626553429000000,31.251727821399999
390,10,390,0,1,390,0,233795,6,417,121.633885000000010,31.253532000000000,121.637476857000000,31.251727821399999
391,4,391,0,1,391,0,234094,6,776,121.651580999999990,31.253433999999999,121.648400286000000,31.251727821399999
392,17,392,0,1,392,0,215995,6,7404,121.348399000000000,31.258685000000000,121.353467714000000,31.260724178600000
393,27,393,0,1,393,0,216486,6,13702,121.357991000000000,31.258486000000001,121.364391143000010,31.260724178600000
394,38,394,0,1,394,0,217089,6,20908,121.369547000000000,31.257068000000000,121.375314571000000,31.260724178600000
395,35,395,0,1,395,0,217691,6,20451,121.379807000000000,31.261364000000000,121.386238000000010,31.260724178600000
396,48,396,0,1,396,0,218476,6,22718,121.390733999999990,31.261599000000000,121.397161428999990,31.260724178600000
397,36,397,0,1,397,0,219476,6,15919,121.401801000000010,31.257752000000000,121.408084857000010,31.260724178600000
398,49,398,0,1,398,0,220434,6,20944,121.413098000000010,31.262467000000001,121.419008285999990,31.260724178600000
399,54,399,0,1,399,0,221440,6,21155,121.423669000000000,31.257456000000001,121.429931714000010,31.260724178600000
400,72,400,0,1,400,0,222571,6,34229,121.434573000000000,31.258099999999999,121.440855142999990,31.260724178600000
401,88,401,0,1,401,0,223711,6,26130,121.445477999999990,31.261334999999999,121.451778571000010,31.260724178600000
402,88,402,0,1,402,0,224883,6,35796,121.456273000000000,31.263096000000001,121.462701999999990,31.260724178600000
403,100,403,0,1,403,0,225771,6,29515,121.467262000000010,31.258579999999998,121.473625428999990,31.260724178600000
404,80,404,0,1,404,0,226770,6,27832,121.478379000000000,31.259979000000001,121.484548856999990,31.260724178600000
405,71,405,0,1,405,0,227827,6,29003,121.489206999999990,31.265073000000001,121.495472285999990,31.260724178600000
406,67,406,0,1,406,0,228688,6,23221,121.500005000000000,31.261969000000001,121.506395714000010,31.260724178600000
407,47,407,0,1,407,0,229487,6,21478,121.511187000000010,31.256741000000002,121.517319142999990,31.260724178600000
408,54,408,0,1,408,0,230247,6,18579,121.522071000000000,31.262574000000001,121.528242571000010,31.260724178600000
409,30,409,0,1,409,0,230846,6,5963,121.532871000000000,31.263897000000000,121.539165999999990,31.260724178600000
410,12,410,0,1,410,0,231614,6,1631,121.552206000000000,31.261292000000001,121.550089429000000,31.260724178600000
411,34,411,0,1,411,0,231726,6,5365,121.555319999999990,31.260266000000001,121.561012856999990,31.260724178600000
412,27,412,0,1,412,0,232044,6,5862,121.565558000000000,31.266134999999998,121.571936286000000,31.260724178600000
413,28,413,0,1,413,0,232412,6,7468,121.576454000000000,31.260193999999998,121.582859713999990,31.260724178600000
414,25,414,0,1,414,0,232782,6,5232,121.587532999999990,31.256239000000001,121.593783143000000,31.260724178600000
415,38,415,0,1,415,0,233054,6,3307,121.599165000000000,31.260145000000001,121.604706570999990,31.260724178600000
416,29,416,0,1,416,0,233288,6,1744,121.609472999999990,31.265744999999999,121.615630000000000,31.260724178600000
417,18,417,0,1,417,0,233552,6,1047,121.620698000000000,31.258355000000002,121.626553429000000,31.260724178600000
418,9,418,0,1,418,0,233783,6,1533,121.633202000000000,31.265416999999999,121.637476857000000,31.260724178600000
419,18,419,0,1,419,0,234027,6,1422,121.646995000000000,31.264082999999999,121.648400286000000,31.260724178600000
420,9,420,0,1,420,0,216048,6,2862,121.349549999999990,31.274208000000002,121.353467714000000,31.269720535699999
421,16,421,0,1,421,0,216707,6,3760,121.362555000000000,31.269317999999998,121.364391143000010,31.269720535699999
422,28,422,0,1,422,0,217099,6,4500,121.369674000000000,31.271193000000000,121.375314571000000,31.269720535699999
423,51,423,0,1,423,0,217692,6,19372,121.379833000000000,31.274394999999998,121.386238000000010,31.269720535699999
424,36,424,0,1,424,0,218482,6,19358,121.390795000000000,31.264645999999999,121.397161428999990,31.269720535699999
425,52,425,0,1,425,0,219485,6,20760,121.401968000000000,31.269023000000001,121.408084857000010,31.269720535699999
426,47,426,0,1,426,0,220533,6,23608,121.414124000000000,31.267188999999998,121.419008285999990,31.269720535699999
427,47,427,0,1,427,0,221438,6,25343,121.423654000000000,31.274802999999999,121.429931714000010,31.269720535699999
428,52,428,0,1,428,0,222575,6,27161,121.434622000000000,31.270582000000001,121.440855142999990,31.269720535699999
429,66,429,0,1,429,0,223728,6,25665,121.445648000000010,31.265364999999999,121.451778571000010,31.269720535699999
430,73,430,0,1,430,0,224932,6,27072,121.456726000000000,31.271571000000002,121.462701999999990,31.269720535699999
431,90,431,0,1,431,0,225795,6,27698,121.467563000000000,31.268552000000000,121.473625428999990,31.269720535699999
432,81,432,0,1,432,0,226772,6,28374,121.478408000000000,31.271075000000000,121.484548856999990,31.269720535699999
433,51,433,0,1,433,0,227827,6,20362,121.489206999999990,31.265073000000001,121.495472285999990,31.269720535699999
434,53,434,0,1,434,0,228696,6,29022,121.500182000000000,31.274771999999999,121.506395714000010,31.269720535699999
435,47,435,0,1,435,0,229472,6,22773,121.510949999999990,31.267499000000001,121.517319142999990,31.269720535699999
436,57,436,0,1,436,0,230265,6,17042,121.522343000000010,31.266361000000000,121.528242571000010,31.269720535699999
437,54,437,0,1,437,0,230844,6,19699,121.532836000000000,31.272940999999999,121.539165999999990,31.269720535699999
438,21,438,0,1,438,0,231319,6,9704,121.544062000000000,31.268401999999998,121.550089429000000,31.269720535699999
439,12,439,0,1,439,0,231936,6,2726,121.562180000000000,31.264506999999998,121.561012856999990,31.269720535699999
440,22,440,0,1,440,0,232044,6,5680,121.565558000000000,31.266134999999998,121.571936286000000,31.269720535699999
441,36,441,0,1,441,0,232482,6,9001,121.578656000000000,31.265847000000001,121.582859713999990,31.269720535699999
442,31,442,0,1,442,0,232777,6,8676,121.587357999999990,31.272718000000001,121.593783143000000,31.269720535699999
443,28,443,0,1,443,0,233053,6,4266,121.598984000000000,31.268778999999999,121.604706570999990,31.269720535699999
444,18,444,0,1,444,0,233288,6,2856,121.609472999999990,31.265744999999999,121.615630000000000,31.269720535699999
445,22,445,0,1,445,0,233550,6,1290,121.620662000000000,31.272300999999999,121.626553429000000,31.269720535699999
446,12,446,0,1,446,0,233759,6,2307,121.632098000000000,31.270292000000001,121.637476857000000,31.269720535699999
447,21,447,0,1,447,0,233940,6,2911,121.641949000000000,31.267606000000001,121.648400286000000,31.269720535699999
448,17,448,0,1,448,0,215996,6,4509,121.348411000000000,31.280031000000001,121.353467714000000,31.278716892900000
449,33,449,0,1,449,0,216610,6,3368,121.360608000000000,31.282378000000001,121.364391143000010,31.278716892900000
450,26,450,0,1,450,0,217116,6,4882,121.370130000000000,31.273610000000001,121.375314571000000,31.278716892900000
451,31,451,0,1,451,0,217692,6,12458,121.379833000000000,31.274394999999998,121.386238000000010,31.278716892900000
452,44,452,0,1,452,0,218528,6,23134,121.391323000000000,31.273766999999999,121.397161428999990,31.278716892900000
453,49,453,0,1,453,0,219471,6,25144,121.401747000000000,31.281953999999999,121.408084857000010,31.278716892900000
454,50,454,0,1,454,0,220388,6,31278,121.412561999999990,31.281192999999998,121.419008285999990,31.278716892900000
455,40,455,0,1,455,0,221438,6,16818,121.423654000000000,31.274802999999999,121.429931714000010,31.278716892900000
456,40,456,0,1,456,0,222602,6,9890,121.434850999999990,31.273519000000000,121.440855142999990,31.278716892900000
457,71,457,0,1,457,0,223701,6,20390,121.445397000000000,31.275534000000000,121.451778571000010,31.278716892900000
458,46,458,0,1,458,0,224952,6,20291,121.456922000000010,31.277460000000001,121.462701999999990,31.278716892900000
459,71,459,0,1,459,0,225866,6,21729,121.468605999999990,31.280407000000000,121.473625428999990,31.278716892900000
460,75,460,0,1,460,0,226751,6,27988,121.478230999999990,31.277697000000000,121.484548856999990,31.278716892900000
461,72,461,0,1,461,0,227835,6,27657,121.489265000000000,31.278779000000000,121.495472285999990,31.278716892900000
462,64,462,0,1,462,0,228687,6,31312,121.499979999999990,31.280411999999998,121.506395714000010,31.278716892900000
463,57,463,0,1,463,0,229494,6,28882,121.511253000000000,31.275728000000001,121.517319142999990,31.278716892900000
464,41,464,0,1,464,0,230248,6,18974,121.522082999999990,31.279914999999999,121.528242571000010,31.278716892900000
465,44,465,0,1,465,0,230935,6,14494,121.534509000000000,31.279691000000000,121.539165999999990,31.278716892900000
466,31,466,0,1,466,0,231341,6,13226,121.544533000000000,31.280857999999998,121.550089429000000,31.278716892900000
467,8,467,0,1,467,0,231718,6,4184,121.555128000000000,31.277985999999999,121.561012856999990,31.278716892900000
468,19,468,0,1,468,0,232238,6,4082,121.571268000000000,31.280760000000001,121.571936286000000,31.278716892900000
469,39,469,0,1,469,0,232418,6,7239,121.576660000000000,31.278445999999999,121.582859713999990,31.278716892900000
470,33,470,0,1,470,0,232794,6,5146,121.588029000000010,31.278379000000001,121.593783143000000,31.278716892900000
471,25,471,0,1,471,0,233060,6,4010,121.599438000000010,31.281196999999999,121.604706570999990,31.278716892900000
472,15,472,0,1,472,0,233298,6,2251,121.609742999999990,31.277246000000002,121.615630000000000,31.278716892900000
473,12,473,0,1,473,0,233566,6,680,121.621103000000010,31.278184000000000,121.626553429000000,31.278716892900000
474,12,474,0,1,474,0,233792,6,2137,121.633554000000000,31.278399000000000,121.637476857000000,31.278716892900000
475,26,475,0,1,475,0,233954,6,3234,121.642498000000000,31.283687000000000,121.648400286000000,31.278716892900000
476,29,476,0,1,476,0,215982,6,10447,121.348035000000000,31.285159000000000,121.353467714000000,31.287713249999999
477,27,477,0,1,477,0,216554,6,3344,121.359402000000000,31.287277000000000,121.364391143000010,31.287713249999999
478,24,478,0,1,478,0,217056,6,9823,121.368923000000000,31.285011000000001,121.375314571000000,31.287713249999999
479,25,479,0,1,479,0,217717,6,14855,121.380256000000000,31.287054999999999,121.386238000000010,31.287713249999999
480,40,480,0,1,480,0,218489,6,25062,121.390879000000000,31.288740000000001,121.397161428999990,31.287713249999999
481,44,481,0,1,481,0,219526,6,22908,121.402407000000000,31.284981999999999,121.408084857000010,31.287713249999999
482,59,482,0,1,482,0,220391,6,20058,121.412631000000000,31.285664000000001,121.419008285999990,31.287713249999999
483,39,483,0,1,483,0,221459,6,17790,121.423862000000000,31.290759000000001,121.429931714000010,31.287713249999999
484,51,484,0,1,484,0,222630,6,6729,121.435115999999990,31.285139999999998,121.440855142999990,31.287713249999999
485,47,485,0,1,485,0,223723,6,9593,121.445582000000000,31.285073000000001,121.451778571000010,31.287713249999999
486,42,486,0,1,486,0,224895,6,12353,121.456396000000000,31.284987999999998,121.462701999999990,31.287713249999999
487,56,487,0,1,487,0,225817,6,26756,121.467935000000000,31.286438000000000,121.473625428999990,31.287713249999999
488,97,488,0,1,488,0,226757,6,25078,121.478247000000000,31.287572999999998,121.484548856999990,31.287713249999999
489,67,489,0,1,489,0,227818,6,18519,121.489079000000000,31.292280000000002,121.495472285999990,31.287713249999999
490,55,490,0,1,490,0,228686,6,16466,121.499973999999990,31.288557000000001,121.506395714000010,31.287713249999999
491,44,491,0,1,491,0,229477,6,26931,121.511089000000000,31.290095999999998,121.517319142999990,31.287713249999999
492,39,492,0,1,492,0,230229,6,34024,121.521801999999990,31.289287000000002,121.528242571000010,31.287713249999999
493,33,493,0,1,493,0,230860,6,24932,121.533133000000010,31.286007000000001,121.539165999999990,31.287713249999999
494,34,494,0,1,494,0,231313,6,13320,121.543820999999990,31.284931000000000,121.550089429000000,31.287713249999999
495,8,495,0,1,495,0,231711,6,1221,121.554789000000000,31.289923000000002,121.561012856999990,31.287713249999999
496,16,496,0,1,496,0,232130,6,4035,121.567880000000000,31.286892999999999,121.571936286000000,31.287713249999999
497,25,497,0,1,497,0,232480,6,5830,121.578638000000000,31.292901000000001,121.582859713999990,31.287713249999999
498,14,498,0,1,498,0,232802,6,3567,121.588487000000000,31.291734999999999,121.593783143000000,31.287713249999999
499,27,499,0,1,499,0,233050,6,5087,121.598815000000000,31.290854000000000,121.604706570999990,31.287713249999999
500,9,500,0,1,500,0,233315,6,2140,121.610239000000010,31.292529999999999,121.615630000000000,31.287713249999999
501,6,501,0,1,501,0,233571,6,771,121.621211000000000,31.282292000000002,121.626553429000000,31.287713249999999
502,7,502,0,1,502,0,233900,6,625,121.640186000000000,31.284102000000001,121.637476857000000,31.287713249999999
503,6,503,0,1,503,0,233954,6,712,121.642498000000000,31.283687000000000,121.648400286000000,31.287713249999999
504,15,504,0,1,504,0,215986,6,4507,121.348174000000000,31.292576000000000,121.353467714000000,31.296709607099999
505,11,505,0,1,505,0,216531,6,3197,121.358825000000000,31.299274000000000,121.364391143000010,31.296709607099999
506,10,506,0,1,506,0,217076,6,4775,121.369320000000000,31.297604000000000,121.375314571000000,31.296709607099999
507,8,507,0,1,507,0,217845,6,7352,121.382136000000000,31.292217000000001,121.386238000000010,31.296709607099999
508,22,508,0,1,508,0,218597,6,7689,121.392083000000000,31.297554000000002,121.397161428999990,31.296709607099999
509,32,509,0,1,509,0,219550,6,9430,121.402610999999990,31.295072999999999,121.408084857000010,31.296709607099999
510,18,510,0,1,510,0,220474,6,6275,121.413486000000010,31.296491000000000,121.419008285999990,31.296709607099999
511,38,511,0,1,511,0,221496,6,13700,121.424156999999990,31.299551000000001,121.429931714000010,31.296709607099999
512,56,512,0,1,512,0,222566,6,8279,121.434549000000000,31.296491000000000,121.440855142999990,31.296709607099999
513,31,513,0,1,513,0,223696,6,4838,121.445351000000000,31.298452999999999,121.451778571000010,31.296709607099999
514,40,514,0,1,514,0,224889,6,15656,121.456315000000000,31.295998000000001,121.462701999999990,31.296709607099999
515,41,515,0,1,515,0,225773,6,24381,121.467280000000000,31.299301000000000,121.473625428999990,31.296709607099999
516,75,516,0,1,516,0,226771,6,16126,121.478392000000000,31.292639000000001,121.484548856999990,31.296709607099999
517,58,517,0,1,517,0,227818,6,13834,121.489079000000000,31.292280000000002,121.495472285999990,31.296709607099999
518,75,518,0,1,518,0,228691,6,21644,121.500030000000000,31.297916000000001,121.506395714000010,31.296709607099999
519,62,519,0,1,519,0,229482,6,12218,121.511115000000000,31.301697000000001,121.517319142999990,31.296709607099999
520,40,520,0,1,520,0,230251,6,18322,121.522127000000000,31.302026999999999,121.528242571000010,31.296709607099999
521,38,521,0,1,521,0,230882,6,20104,121.533410000000000,31.291722000000000,121.539165999999990,31.296709607099999
522,28,522,0,1,522,0,231357,6,10767,121.544963999999990,31.292390000000001,121.550089429000000,31.296709607099999
523,6,523,0,1,523,0,231807,6,392,121.557864000000000,31.295712999999999,121.561012856999990,31.296709607099999
524,24,524,0,1,524,0,232071,6,3050,121.566244000000000,31.300030000000000,121.571936286000000,31.296709607099999
525,17,525,0,1,525,0,232480,6,3975,121.578638000000000,31.292901000000001,121.582859713999990,31.296709607099999
526,2,526,0,1,526,0,232802,6,1409,121.588487000000000,31.291734999999999,121.593783143000000,31.296709607099999
527,19,527,0,1,527,0,233063,6,5409,121.599486000000000,31.292724000000000,121.604706570999990,31.296709607099999
528,15,528,0,1,528,0,233315,6,2573,121.610239000000010,31.292529999999999,121.615630000000000,31.296709607099999
529,8,529,0,1,529,0,233600,6,1000,121.623154000000000,31.299707999999999,121.626553429000000,31.296709607099999
530,10,530,0,1,530,0,233827,6,975,121.636276000000000,31.294371000000002,121.637476857000000,31.296709607099999
531,2,531,0,1,531,0,234009,6,178,121.645701000000000,31.299281000000001,121.648400286000000,31.296709607099999
532,12,532,0,1,532,0,216052,6,1800,121.349686000000010,31.311191000000001,121.353467714000000,31.305705964300000
533,11,533,0,1,533,0,216532,6,2907,121.358836999999990,31.310244999999998,121.364391143000010,31.305705964300000
534,3,534,0,1,534,0,217081,6,1999,121.369379000000000,31.308558999999999,121.375314571000000,31.305705964300000
535,13,535,0,1,535,0,217965,6,6722,121.383715000000000,31.309888000000001,121.386238000000010,31.305705964300000
536,24,536,0,1,536,0,218578,6,13923,121.391872000000010,31.302237000000002,121.397161428999990,31.305705964300000
537,31,537,0,1,537,0,219568,6,15074,121.402806000000000,31.305145000000000,121.408084857000010,31.305705964300000
538,15,538,0,1,538,0,220427,6,7388,121.413028999999990,31.304205000000000,121.419008285999990,31.305705964300000
539,23,539,0,1,539,0,221538,6,13426,121.424625000000010,31.305375000000002,121.429931714000010,31.305705964300000
540,38,540,0,1,540,0,222625,6,16377,121.435057000000000,31.306999999999999,121.440855142999990,31.305705964300000
541,16,541,0,1,541,0,223719,6,5212,121.445569000000010,31.307293000000001,121.451778571000010,31.305705964300000
542,38,542,0,1,542,0,224886,6,13303,121.456301999999990,31.311100000000000,121.462701999999990,31.305705964300000
543,45,543,0,1,543,0,225779,6,15237,121.467372999999990,31.305592000000001,121.473625428999990,31.305705964300000
544,51,544,0,1,544,0,226745,6,20832,121.478194000000000,31.305084000000001,121.484548856999990,31.305705964300000
545,42,545,0,1,545,0,227868,6,18978,121.489700000000000,31.302980999999999,121.495472285999990,31.305705964300000
546,90,546,0,1,546,0,228712,6,15025,121.500350000000000,31.302083000000000,121.506395714000010,31.305705964300000
547,69,547,0,1,547,0,229465,6,15333,121.510869000000000,31.302589999999999,121.517319142999990,31.305705964300000
548,49,548,0,1,548,0,230242,6,19639,121.522000000000010,31.310411999999999,121.528242571000010,31.305705964300000
549,44,549,0,1,549,0,230842,6,11854,121.532754000000000,31.307749000000001,121.539165999999990,31.305705964300000
550,15,550,0,1,550,0,231327,6,3127,121.544239000000000,31.310476000000001,121.550089429000000,31.305705964300000
551,6,551,0,1,551,0,231818,6,1763,121.558094999999990,31.306837999999999,121.561012856999990,31.305705964300000
552,17,552,0,1,552,0,232139,6,999,121.568150000000000,31.305513999999999,121.571936286000000,31.305705964300000
553,17,553,0,1,553,0,232421,6,2424,121.576770999999990,31.305909000000000,121.582859713999990,31.305705964300000
554,7,554,0,1,554,0,232781,6,993,121.587457000000000,31.302651999999998,121.593783143000000,31.305705964300000
555,27,555,0,1,555,0,233073,6,2918,121.600067000000000,31.306224000000000,121.604706570999990,31.305705964300000
556,16,556,0,1,556,0,233314,6,1739,121.610218000000000,31.310061000000001,121.615630000000000,31.305705964300000
557,11,557,0,1,557,0,233576,6,2671,121.621495000000000,31.309840000000001,121.626553429000000,31.305705964300000
558,9,558,0,1,558,0,233760,6,974,121.632227000000000,31.303203000000000,121.637476857000000,31.305705964300000
559,7,559,0,1,559,0,233996,6,1190,121.644847000000000,31.305185999999999,121.648400286000000,31.305705964300000
560,14,560,0,1,560,0,215984,6,3109,121.348089000000000,31.312201999999999,121.353467714000000,31.314702321399999
561,8,561,0,1,561,0,216484,6,2790,121.357934000000000,31.316600999999999,121.364391143000010,31.314702321399999
562,27,562,0,1,562,0,217141,6,12608,121.370606000000000,31.315951999999999,121.375314571000000,31.314702321399999
563,47,563,0,1,563,0,217709,6,10003,121.380131000000010,31.317104000000000,121.386238000000010,31.314702321399999
564,32,564,0,1,564,0,218478,6,10144,121.390761000000000,31.313492000000000,121.397161428999990,31.314702321399999
565,18,565,0,1,565,0,219570,6,6871,121.402823000000000,31.311418000000000,121.408084857000010,31.314702321399999
566,6,566,0,1,566,0,220515,6,1292,121.413881000000000,31.319102000000001,121.419008285999990,31.314702321399999
567,25,567,0,1,567,0,221422,6,15650,121.423495000000000,31.313637000000000,121.429931714000010,31.314702321399999
568,56,568,0,1,568,0,222557,6,36392,121.434398000000000,31.316088000000001,121.440855142999990,31.314702321399999
569,42,569,0,1,569,0,223721,6,24585,121.445580000000010,31.311554999999998,121.451778571000010,31.314702321399999
570,34,570,0,1,570,0,224886,6,9542,121.456301999999990,31.311100000000000,121.462701999999990,31.314702321399999
571,23,571,0,1,571,0,225883,6,6720,121.468889000000000,31.315175000000000,121.473625428999990,31.314702321399999
572,38,572,0,1,572,0,226792,6,28995,121.478651000000000,31.311468999999999,121.484548856999990,31.314702321399999
573,23,573,0,1,573,0,227828,6,12961,121.489209000000000,31.312443999999999,121.495472285999990,31.314702321399999
574,23,574,0,1,574,0,228713,6,6933,121.500361000000000,31.319913000000000,121.506395714000010,31.314702321399999
575,51,575,0,1,575,0,229471,6,18970,121.510946000000000,31.319604000000002,121.517319142999990,31.314702321399999
576,47,576,0,1,576,0,230242,6,20110,121.522000000000010,31.310411999999999,121.528242571000010,31.314702321399999
577,26,577,0,1,577,0,230881,6,11659,121.533400000000000,31.316510000000001,121.539165999999990,31.314702321399999
578,12,578,0,1,578,0,231327,6,2600,121.544239000000000,31.310476000000001,121.550089429000000,31.314702321399999
579,10,579,0,1,579,0,231708,6,1472,121.554739000000000,31.315909000000001,121.561012856999990,31.314702321399999
580,19,580,0,1,580,0,232070,6,457,121.566188999999990,31.318287999999999,121.571936286000000,31.314702321399999
581,13,581,0,1,581,0,232447,6,1202,121.577400999999990,31.318069000000001,121.582859713999990,31.314702321399999
582,6,582,0,1,582,0,232824,6,497,121.589312000000010,31.314402999999999,121.593783143000000,31.314702321399999
583,19,583,0,1,583,0,233088,6,555,121.600489000000000,31.315099000000000,121.604706570999990,31.314702321399999
584,24,584,0,1,584,0,233281,6,1717,121.609168999999990,31.315218999999999,121.615630000000000,31.314702321399999
585,15,585,0,1,585,0,233543,6,2656,121.620349000000000,31.312068000000000,121.626553429000000,31.314702321399999
586,12,586,0,1,586,0,233743,6,2456,121.631056000000000,31.311349000000000,121.637476857000000,31.314702321399999
587,1,587,0,1,587,0,239913,6,63,121.653435000000000,31.317219999999999,121.648400286000000,31.314702321399999
588,9,588,0,1,588,0,216066,6,2270,121.350071000000000,31.324062999999999,121.353467714000000,31.323698678600000
589,8,589,0,1,589,0,216528,6,1330,121.358770000000010,31.326774000000000,121.364391143000010,31.323698678600000
590,15,590,0,1,590,0,217158,6,3734,121.370907000000000,31.319922999999999,121.375314571000000,31.323698678600000
591,40,591,0,1,591,0,217788,6,8939,121.381296000000010,31.327629999999999,121.386238000000010,31.323698678600000
592,32,592,0,1,592,0,218496,6,5554,121.390981000000000,31.318417000000000,121.397161428999990,31.323698678600000
593,17,593,0,1,593,0,219518,6,2594,121.402358000000010,31.326981000000000,121.408084857000010,31.323698678600000
594,10,594,0,1,594,0,220515,6,2640,121.413881000000000,31.319102000000001,121.419008285999990,31.323698678600000
595,40,595,0,1,595,0,221510,6,13705,121.424317000000000,31.321400000000001,121.429931714000010,31.323698678600000
596,55,596,0,1,596,0,222558,6,16528,121.434414000000000,31.320053000000001,121.440855142999990,31.323698678600000
597,25,597,0,1,597,0,223737,6,16663,121.445717000000000,31.326922000000000,121.451778571000010,31.323698678600000
598,28,598,0,1,598,0,225089,6,7317,121.458470000000010,31.327228999999999,121.462701999999990,31.323698678600000
599,38,599,0,1,599,0,225780,6,10802,121.467378999999990,31.321698000000001,121.473625428999990,31.323698678600000
600,31,600,0,1,600,0,226737,6,14058,121.478129999999990,31.322994999999999,121.484548856999990,31.323698678600000
601,12,601,0,1,601,0,227832,6,4873,121.489238000000000,31.322547000000000,121.495472285999990,31.323698678600000
602,20,602,0,1,602,0,228713,6,3155,121.500361000000000,31.319913000000000,121.506395714000010,31.323698678600000
603,28,603,0,1,603,0,229471,6,12380,121.510946000000000,31.319604000000002,121.517319142999990,31.323698678600000
604,48,604,0,1,604,0,230250,6,29074,121.522122000000000,31.323115000000001,121.528242571000010,31.323698678600000
605,25,605,0,1,605,0,230843,6,15188,121.532756000000010,31.321549000000001,121.539165999999990,31.323698678600000
606,11,606,0,1,606,0,231401,6,1976,121.546169000000010,31.326273000000000,121.550089429000000,31.323698678600000
607,12,607,0,1,607,0,231908,6,643,121.561254000000010,31.320218000000001,121.561012856999990,31.323698678600000
608,17,608,0,1,608,0,232049,6,1204,121.565715000000000,31.328755999999998,121.571936286000000,31.323698678600000
609,28,609,0,1,609,0,232502,6,2037,121.579445000000010,31.325246000000000,121.582859713999990,31.323698678600000
610,19,610,0,1,610,0,232779,6,2401,121.587368000000000,31.327373999999999,121.593783143000000,31.323698678600000
611,29,611,0,1,611,0,233099,6,755,121.600948000000000,31.320588999999998,121.604706570999990,31.323698678600000
612,23,612,0,1,612,0,233285,6,1460,121.609337000000000,31.326747999999998,121.615630000000000,31.323698678600000
613,16,613,0,1,613,0,233578,6,2384,121.621592000000010,31.318352999999998,121.626553429000000,31.323698678600000
614,9,614,0,1,614,0,233756,6,1146,121.631895000000000,31.320982999999998,121.637476857000000,31.323698678600000
615,11,615,0,1,615,0,233977,6,808,121.643441999999990,31.323955999999999,121.648400286000000,31.323698678600000
616,10,616,0,1,616,0,216154,6,1339,121.351254000000000,31.330950999999999,121.353467714000000,31.332695035699999
617,13,617,0,1,617,0,216496,6,2338,121.358144999999990,31.332394000000001,121.364391143000010,31.332695035699999
618,12,618,0,1,618,0,217167,6,2119,121.370981000000000,31.330994000000000,121.375314571000000,31.332695035699999
619,15,619,0,1,619,0,217788,6,3684,121.381296000000010,31.327629999999999,121.386238000000010,31.332695035699999
620,33,620,0,1,620,0,218636,6,5906,121.392461999999990,31.333320000000001,121.397161428999990,31.332695035699999
621,17,621,0,1,621,0,219478,6,3768,121.401875000000000,31.333603000000000,121.408084857000010,31.332695035699999
622,14,622,0,1,622,0,220393,6,4084,121.412676000000000,31.334294000000000,121.419008285999990,31.332695035699999
623,31,623,0,1,623,0,221491,6,11245,121.424117000000000,31.330138999999999,121.429931714000010,31.332695035699999
624,43,624,0,1,624,0,222600,6,15006,121.434826000000000,31.327271000000000,121.440855142999990,31.332695035699999
625,39,625,0,1,625,0,223738,6,18856,121.445732000000010,31.335722000000001,121.451778571000010,31.332695035699999
626,24,626,0,1,626,0,224882,6,10191,121.456267999999990,31.330494000000002,121.462701999999990,31.332695035699999
627,23,627,0,1,627,0,225911,6,11758,121.469153000000010,31.337043000000001,121.473625428999990,31.332695035699999
628,29,628,0,1,628,0,226734,6,11565,121.478122000000000,31.334678000000000,121.484548856999990,31.332695035699999
629,15,629,0,1,629,0,227854,6,2834,121.489491000000000,31.329840000000001,121.495472285999990,31.332695035699999
630,28,630,0,1,630,0,228949,6,2457,121.503297000000000,31.333030000000001,121.506395714000010,31.332695035699999
631,23,631,0,1,631,0,229475,6,6107,121.511052000000010,31.331251999999999,121.517319142999990,31.332695035699999
632,32,632,0,1,632,0,230236,6,21165,121.521917000000000,31.330535999999999,121.528242571000010,31.332695035699999
633,20,633,0,1,633,0,230872,6,11139,121.533300000000000,31.336158999999999,121.539165999999990,31.332695035699999
634,10,634,0,1,634,0,231343,6,1512,121.544569000000000,31.333908000000001,121.550089429000000,31.332695035699999
635,14,635,0,1,635,0,231801,6,782,121.557705000000000,31.333093999999999,121.561012856999990,31.332695035699999
636,27,636,0,1,636,0,232049,6,1959,121.565715000000000,31.328755999999998,121.571936286000000,31.332695035699999
637,29,637,0,1,637,0,232449,6,3883,121.577416000000000,31.336798999999999,121.582859713999990,31.332695035699999
638,34,638,0,1,638,0,232779,6,3178,121.587368000000000,31.327373999999999,121.593783143000000,31.332695035699999
639,21,639,0,1,639,0,233052,6,917,121.598964000000000,31.334361000000001,121.604706570999990,31.332695035699999
640,18,640,0,1,640,0,233297,6,2755,121.609727000000010,31.327570000000001,121.615630000000000,31.332695035699999
641,5,641,0,1,641,0,233560,6,490,121.620952000000000,31.331265999999999,121.626553429000000,31.332695035699999
642,9,642,0,1,642,0,233754,6,1382,121.631778000000000,31.337492000000001,121.637476857000000,31.332695035699999
643,2,643,0,1,643,0,234028,6,50,121.646995000000000,31.332978000000001,121.648400286000000,31.332695035699999
644,5,644,0,1,644,0,216237,6,714,121.353070000000000,31.346826000000000,121.353467714000000,31.341691392900000
645,13,645,0,1,645,0,216513,6,4657,121.358431000000000,31.344194999999999,121.364391143000010,31.341691392900000
646,9,646,0,1,646,0,217153,6,2365,121.370833000000000,31.346468000000002,121.375314571000000,31.341691392900000
647,16,647,0,1,647,0,217854,6,5142,121.382205000000000,31.343706999999998,121.386238000000010,31.341691392900000
648,17,648,0,1,648,0,218642,6,4735,121.392546999999990,31.345071000000001,121.397161428999990,31.341691392900000
649,9,649,0,1,649,0,219469,6,3332,121.401736000000000,31.339247000000000,121.408084857000010,31.341691392900000
650,13,650,0,1,650,0,220404,6,3839,121.412799000000010,31.341470000000001,121.419008285999990,31.341691392900000
651,25,651,0,1,651,0,221607,6,7086,121.425269000000000,31.347156999999999,121.429931714000010,31.341691392900000
652,29,652,0,1,652,0,222588,6,14833,121.434707000000000,31.342921000000000,121.440855142999990,31.341691392900000
653,34,653,0,1,653,0,223779,6,13849,121.446062000000000,31.341739000000000,121.451778571000010,31.341691392900000
654,13,654,0,1,654,0,225204,6,1983,121.459946000000000,31.345521000000002,121.462701999999990,31.341691392900000
655,38,655,0,1,655,0,225838,6,9191,121.468200000000000,31.342120999999999,121.473625428999990,31.341691392900000
656,38,656,0,1,656,0,226746,6,13011,121.478202999999990,31.344427000000000,121.484548856999990,31.341691392900000
657,25,657,0,1,657,0,227896,6,7624,121.490044000000000,31.344004000000002,121.495472285999990,31.341691392900000
658,13,658,0,1,658,0,228727,6,2404,121.500476000000010,31.342151999999999,121.506395714000010,31.341691392900000
659,13,659,0,1,659,0,229508,6,3571,121.511449000000000,31.346354999999999,121.517319142999990,31.341691392900000
660,14,660,0,1,660,0,230262,6,3296,121.522328000000000,31.342435999999999,121.528242571000010,31.341691392900000
661,5,661,0,1,661,0,231111,6,1293,121.538234000000000,31.336907000000000,121.539165999999990,31.341691392900000
662,4,662,0,1,662,0,231658,6,144,121.553314000000000,31.343257999999999,121.550089429000000,31.341691392900000
663,19,663,0,1,663,0,231735,6,2647,121.555486000000000,31.343648000000002,121.561012856999990,31.341691392900000
664,48,664,0,1,664,0,232063,6,6971,121.565950000000000,31.342051000000001,121.571936286000000,31.341691392900000
665,53,665,0,1,665,0,232415,6,5342,121.576587000000000,31.346861000000001,121.582859713999990,31.341691392900000
666,36,666,0,1,666,0,232778,6,1367,121.587360000000000,31.341256000000001,121.593783143000000,31.341691392900000
667,15,667,0,1,667,0,233044,6,654,121.598271999999990,31.346087000000001,121.604706570999990,31.341691392900000
668,7,668,0,1,668,0,233283,6,643,121.609294000000010,31.340937000000000,121.615630000000000,31.341691392900000
669,2,669,0,1,669,0,233708,6,284,121.629233000000000,31.344327000000000,121.626553429000000,31.341691392900000
670,4,670,0,1,670,0,233754,6,1024,121.631778000000000,31.337492000000001,121.637476857000000,31.341691392900000
671,0,671,0,1,671,0,0,0,0,0.000000000000000,0.000000000000000,121.648400286000000,31.341691392900000
672,25,672,0,1,672,0,216002,6,6358,121.348622000000010,31.349402999999999,121.353467714000000,31.350687749999999
673,35,673,0,1,673,0,216533,6,8099,121.358911000000010,31.351331999999999,121.364391143000010,31.350687749999999
674,22,674,0,1,674,0,217132,6,5560,121.370425000000000,31.354808999999999,121.375314571000000,31.350687749999999
675,19,675,0,1,675,0,217747,6,5403,121.380641999999990,31.350543999999999,121.386238000000010,31.350687749999999
676,26,676,0,1,676,0,218509,6,7600,121.391111000000000,31.352630000000001,121.397161428999990,31.350687749999999
677,17,677,0,1,677,0,219541,6,5236,121.402530000000000,31.352134000000000,121.408084857000010,31.350687749999999
678,24,678,0,1,678,0,220454,6,5702,121.413279000000000,31.353718000000001,121.419008285999990,31.350687749999999
679,39,679,0,1,679,0,221462,6,7512,121.423882000000010,31.355530999999999,121.429931714000010,31.350687749999999
680,12,680,0,1,680,0,222561,6,1546,121.434458000000010,31.349705000000000,121.440855142999990,31.350687749999999
681,12,681,0,1,681,0,223904,6,3034,121.447333000000000,31.355737999999999,121.451778571000010,31.350687749999999
682,9,682,0,1,682,0,224912,6,1381,121.456537000000000,31.352737000000001,121.462701999999990,31.350687749999999
683,13,683,0,1,683,0,225823,6,2727,121.467994000000000,31.351749999999999,121.473625428999990,31.350687749999999
684,20,684,0,1,684,0,226861,6,6912,121.479215999999990,31.348666000000001,121.484548856999990,31.350687749999999
685,21,685,0,1,685,0,227946,6,7711,121.490656000000000,31.345538999999999,121.495472285999990,31.350687749999999
686,8,686,0,1,686,0,228733,6,2050,121.500622000000010,31.350594999999998,121.506395714000010,31.350687749999999
687,6,687,0,1,687,0,229508,6,846,121.511449000000000,31.346354999999999,121.517319142999990,31.350687749999999
688,9,688,0,1,688,0,230264,6,603,121.522339000000000,31.351997000000001,121.528242571000010,31.350687749999999
689,14,689,0,1,689,0,230875,6,880,121.533354000000000,31.351717000000001,121.539165999999990,31.350687749999999
690,14,690,0,1,690,0,231326,6,1168,121.544231999999990,31.353005000000000,121.550089429000000,31.350687749999999
691,24,691,0,1,691,0,231706,6,3947,121.554598000000000,31.355696999999999,121.561012856999990,31.350687749999999
692,43,692,0,1,692,0,232108,6,5514,121.567321000000010,31.347863000000000,121.571936286000000,31.350687749999999
693,42,693,0,1,693,0,232415,6,2726,121.576587000000000,31.346861000000001,121.582859713999990,31.350687749999999
694,15,694,0,1,694,0,232818,6,408,121.589100000000000,31.346498000000000,121.593783143000000,31.350687749999999
695,3,695,0,1,695,0,233044,6,25,121.598271999999990,31.346087000000001,121.604706570999990,31.350687749999999
696,3,696,0,1,696,0,233359,6,195,121.612235000000000,31.353356000000002,121.615630000000000,31.350687749999999
697,0,697,0,1,697,0,0,0,0,0.000000000000000,0.000000000000000,121.626553429000000,31.350687749999999
698,0,698,0,1,698,0,0,0,0,0.000000000000000,0.000000000000000,121.637476857000000,31.350687749999999
699,0,699,0,1,699,0,0,0,0,0.000000000000000,0.000000000000000,121.648400286000000,31.350687749999999
700,11,700,0,1,700,0,216119,6,4958,121.350853000000000,31.358239000000001,121.353467714000000,31.359684107100001
701,23,701,0,1,701,0,216557,6,7084,121.359437000000000,31.354702000000000,121.364391143000010,31.359684107100001
702,17,702,0,1,702,0,217079,6,5190,121.369333999999990,31.364411000000000,121.375314571000000,31.359684107100001
703,12,703,0,1,703,0,218065,6,5302,121.385166000000000,31.356673000000001,121.386238000000010,31.359684107100001
704,10,704,0,1,704,0,218612,6,4270,121.392180000000000,31.359691999999999,121.397161428999990,31.359684107100001
705,16,705,0,1,705,0,219487,6,7052,121.401988000000000,31.363443000000000,121.408084857000010,31.359684107100001
706,18,706,0,1,706,0,220745,6,4105,121.416487000000000,31.356831000000000,121.419008285999990,31.359684107100001
707,30,707,0,1,707,0,221423,6,5762,121.423508000000000,31.357462000000002,121.429931714000010,31.359684107100001
708,18,708,0,1,708,0,222769,6,4813,121.436381999999990,31.364191999999999,121.440855142999990,31.359684107100001
709,16,709,0,1,709,0,223697,6,3914,121.445359999999990,31.361802999999998,121.451778571000010,31.359684107100001
710,10,710,0,1,710,0,225223,6,286,121.460325000000000,31.361446999999998,121.462701999999990,31.359684107100001
711,5,711,0,1,711,0,226177,6,281,121.472085000000010,31.357254000000001,121.473625428999990,31.359684107100001
712,10,712,0,1,712,0,226750,6,2700,121.478224999999990,31.364521000000000,121.484548856999990,31.359684107100001
713,16,713,0,1,713,0,227838,6,3614,121.489313000000000,31.364021000000001,121.495472285999990,31.359684107100001
714,1,714,0,1,714,0,229322,6,180,121.508754999999990,31.361974000000000,121.506395714000010,31.359684107100001
715,4,715,0,1,715,0,229736,6,568,121.514639000000000,31.358217000000000,121.517319142999990,31.359684107100001
716,6,716,0,1,716,0,230230,6,424,121.521821000000000,31.356542000000001,121.528242571000010,31.359684107100001
717,7,717,0,1,717,0,230957,6,729,121.534865999999990,31.359095000000000,121.539165999999990,31.359684107100001
718,12,718,0,1,718,0,231462,6,908,121.547813000000000,31.364716999999999,121.550089429000000,31.359684107100001
719,8,719,0,1,719,0,231706,6,920,121.554598000000000,31.355696999999999,121.561012856999990,31.359684107100001
720,16,720,0,1,720,0,232100,6,748,121.566969000000000,31.363453000000000,121.571936286000000,31.359684107100001
721,14,721,0,1,721,0,232457,6,905,121.577641000000000,31.354289999999999,121.582859713999990,31.359684107100001
722,2,722,0,1,722,0,239677,6,61,121.597010999999990,31.360590999999999,121.593783143000000,31.359684107100001
723,2,723,0,1,723,0,241866,6,97,121.603727000000010,31.358073999999998,121.604706570999990,31.359684107100001
724,1,724,0,1,724,0,233586,6,49,121.621979000000000,31.362107999999999,121.615630000000000,31.359684107100001
725,1,725,0,1,725,0,233586,6,49,121.621979000000000,31.362107999999999,121.626553429000000,31.359684107100001
726,0,726,0,1,726,0,0,0,0,0.000000000000000,0.000000000000000,121.637476857000000,31.359684107100001
727,0,727,0,1,727,0,0,0,0,0.000000000000000,0.000000000000000,121.648400286000000,31.359684107100001
728,9,728,0,1,728,0,216026,6,3407,121.349052000000000,31.366112000000001,121.353467714000000,31.368680464299999
729,14,729,0,1,729,0,216523,6,4166,121.358665000000000,31.366429000000000,121.364391143000010,31.368680464299999
730,8,730,0,1,730,0,217079,6,2169,121.369333999999990,31.364411000000000,121.375314571000000,31.368680464299999
731,8,731,0,1,731,0,217701,6,1428,121.380021000000000,31.365583000000001,121.386238000000010,31.368680464299999
732,12,732,0,1,732,0,218606,6,2877,121.392124000000000,31.372237999999999,121.397161428999990,31.368680464299999
733,15,733,0,1,733,0,219461,6,4849,121.401644000000000,31.367208000000002,121.408084857000010,31.368680464299999
734,10,734,0,1,734,0,220547,6,4631,121.414347000000010,31.368048999999999,121.419008285999990,31.368680464299999
735,31,735,0,1,735,0,221580,6,10959,121.425025000000010,31.372907000000001,121.429931714000010,31.368680464299999
736,19,736,0,1,736,0,222641,6,7941,121.435253000000000,31.370139999999999,121.440855142999990,31.368680464299999
737,14,737,0,1,737,0,223746,6,3032,121.445773000000000,31.371773000000001,121.451778571000010,31.368680464299999
738,12,738,0,1,738,0,224911,6,1679,121.456517000000010,31.365781999999999,121.462701999999990,31.368680464299999
739,12,739,0,1,739,0,225793,6,1943,121.467553000000000,31.372288999999999,121.473625428999990,31.368680464299999
740,34,740,0,1,740,0,226750,6,8104,121.478224999999990,31.364521000000000,121.484548856999990,31.368680464299999
741,23,741,0,1,741,0,227822,6,5882,121.489116000000000,31.372022000000001,121.495472285999990,31.368680464299999
742,2,742,0,1,742,0,229171,6,510,121.506663000000000,31.371335999999999,121.506395714000010,31.368680464299999
743,6,743,0,1,743,0,229619,6,402,121.513153000000000,31.366430000000001,121.517319142999990,31.368680464299999
744,3,744,0,1,744,0,230690,6,402,121.529683000000010,31.373145000000001,121.528242571000010,31.368680464299999
745,10,745,0,1,745,0,230961,6,1773,121.534936000000000,31.364618000000000,121.539165999999990,31.368680464299999
746,12,746,0,1,746,0,231347,6,689,121.544672000000010,31.365966000000000,121.550089429000000,31.368680464299999
747,10,747,0,1,747,0,231781,6,400,121.557107000000000,31.366876999999999,121.561012856999990,31.368680464299999
748,3,748,0,1,748,0,232100,6,65,121.566969000000000,31.363453000000000,121.571936286000000,31.368680464299999
749,6,749,0,1,749,0,232471,6,231,121.578199000000000,31.363216999999999,121.582859713999990,31.368680464299999
750,1,750,0,1,750,0,232864,6,69,121.591023000000010,31.368501999999999,121.593783143000000,31.368680464299999
751,0,751,0,1,751,0,0,0,0,0.000000000000000,0.000000000000000,121.604706570999990,31.368680464299999
752,0,752,0,1,752,0,0,0,0,0.000000000000000,0.000000000000000,121.615630000000000,31.368680464299999
753,0,753,0,1,753,0,0,0,0,0.000000000000000,0.000000000000000,121.626553429000000,31.368680464299999
754,0,754,0,1,754,0,0,0,0,0.000000000000000,0.000000000000000,121.637476857000000,31.368680464299999
755,0,755,0,1,755,0,0,0,0,0.000000000000000,0.000000000000000,121.648400286000000,31.368680464299999
756,8,756,0,1,756,0,216030,6,1393,121.349110999999990,31.382093999999999,121.353467714000000,31.377676821400001
757,8,757,0,1,757,0,216540,6,2020,121.359014000000000,31.379280000000001,121.364391143000010,31.377676821400001
758,3,758,0,1,758,0,217097,6,963,121.369664000000000,31.373843999999998,121.375314571000000,31.377676821400001
759,7,759,0,1,759,0,217719,6,1870,121.380277000000010,31.372722000000000,121.386238000000010,31.377676821400001
760,6,760,0,1,760,0,218481,6,1080,121.390784999999990,31.374797999999998,121.397161428999990,31.377676821400001
761,7,761,0,1,761,0,219510,6,2200,121.402238000000000,31.373003000000001,121.408084857000010,31.377676821400001
762,10,762,0,1,762,0,220710,6,2255,121.416143000000010,31.372271999999999,121.419008285999990,31.377676821400001
763,22,763,0,1,763,0,221580,6,8245,121.425025000000010,31.372907000000001,121.429931714000010,31.377676821400001
764,14,764,0,1,764,0,222627,6,6147,121.435084000000000,31.380168999999999,121.440855142999990,31.377676821400001
765,15,765,0,1,765,0,223807,6,3274,121.446442000000000,31.381370000000000,121.451778571000010,31.377676821400001
766,13,766,0,1,766,0,224899,6,1848,121.456434000000000,31.381914999999999,121.462701999999990,31.377676821400001
767,6,767,0,1,767,0,225793,6,1158,121.467553000000000,31.372288999999999,121.473625428999990,31.377676821400001
768,24,768,0,1,768,0,226921,6,7344,121.479834999999990,31.378941000000001,121.484548856999990,31.377676821400001
769,36,769,0,1,769,0,227823,6,5776,121.489126000000000,31.375373000000000,121.495472285999990,31.377676821400001
770,9,770,0,1,770,0,228745,6,2067,121.500707000000010,31.377314999999999,121.506395714000010,31.377676821400001
771,12,771,0,1,771,0,229481,6,916,121.511112000000000,31.377607000000001,121.517319142999990,31.377676821400001
772,9,772,0,1,772,0,230444,6,810,121.525567000000000,31.375651999999999,121.528242571000010,31.377676821400001
773,7,773,0,1,773,0,230987,6,437,121.535304000000000,31.373725000000000,121.539165999999990,31.377676821400001
774,3,774,0,1,774,0,239306,6,181,121.546120000000000,31.379968999999999,121.550089429000000,31.377676821400001
775,2,775,0,1,775,0,239372,6,127,121.555184000000000,31.377340000000000,121.561012856999990,31.377676821400001
776,2,776,0,1,776,0,232388,6,44,121.575534000000000,31.373380999999998,121.571936286000000,31.377676821400001
777,0,777,0,1,777,0,0,0,0,0.000000000000000,0.000000000000000,121.582859713999990,31.377676821400001
778,0,778,0,1,778,0,0,0,0,0.000000000000000,0.000000000000000,121.593783143000000,31.377676821400001
779,0,779,0,1,779,0,0,0,0,0.000000000000000,0.000000000000000,121.604706570999990,31.377676821400001
780,0,780,0,1,780,0,0,0,0,0.000000000000000,0.000000000000000,121.615630000000000,31.377676821400001
781,0,781,0,1,781,0,0,0,0,0.000000000000000,0.000000000000000,121.626553429000000,31.377676821400001
782,0,782,0,1,782,0,0,0,0,0.000000000000000,0.000000000000000,121.637476857000000,31.377676821400001
783,0,783,0,1,783,0,0,0,0,0.000000000000000,0.000000000000000,121.648400286000000,31.377676821400001